6 1 0.333333 0.5555555555555556 0.600000 0.333333
1 6 0.333333 1.0 0.333333 0.600000
4 2 0.200000 1.0 0.200000 0.400000
2 4 0.200000 0.5 0.400000 0.200000
5 2 0.200000 1.0 0.200000 0.400000
2 5 0.200000 0.5 0.400000 0.200000
8 2 0.266667 0.8 0.333333 0.400000
2 8 0.266667 0.6666666666666666 0.400000 0.333333
12 2 0.200000 0.3 0.666667 0.400000
2 12 0.200000 0.5 0.400000 0.666667
17 2 0.266667 0.8 0.333333 0.400000
2 17 0.266667 0.6666666666666666 0.400000 0.333333
12 6 0.466667 0.7 0.666667 0.600000
6 12 0.466667 0.7777777777777778 0.600000 0.666667
13 6 0.466667 0.7777777777777778 0.600000 0.600000
6 13 0.466667 0.7777777777777778 0.600000 0.600000
16 6 0.266667 0.8 0.333333 0.600000
6 16 0.266667 0.4444444444444444 0.600000 0.333333
18 6 0.266667 0.8 0.333333 0.600000
6 18 0.266667 0.4444444444444444 0.600000 0.333333
12 7 0.200000 0.3 0.666667 0.266667
7 12 0.200000 0.75 0.266667 0.666667
11 8 0.133333 0.6666666666666666 0.200000 0.333333
8 11 0.133333 0.4 0.333333 0.200000
13 8 0.200000 0.3333333333333333 0.600000 0.333333
8 13 0.200000 0.6 0.333333 0.600000
12 9 0.400000 0.6 0.666667 0.400000
9 12 0.400000 1.0 0.400000 0.666667
14 12 0.200000 1.0 0.200000 0.666667
12 14 0.200000 0.3 0.666667 0.200000
16 12 0.266667 0.8 0.333333 0.666667
12 16 0.266667 0.4 0.666667 0.333333
17 12 0.200000 0.6 0.333333 0.666667
12 17 0.200000 0.3 0.666667 0.333333
17 13 0.133333 0.4 0.333333 0.600000
13 17 0.133333 0.2222222222222222 0.600000 0.333333
18 13 0.266667 0.8 0.333333 0.600000
13 18 0.266667 0.4444444444444444 0.600000 0.333333
6,7 1 0.200000 1.0 0.200000 0.333333
1,7 6 0.200000 1.0 0.200000 0.600000
6,1 7 0.200000 0.6 0.333333 0.266667
7 1,6 0.200000 0.75 0.266667 0.333333
6 1,7 0.200000 0.3333333333333333 0.600000 0.200000
1 6,7 0.200000 0.6 0.333333 0.200000
12,6 1 0.200000 0.42857142857142855 0.466667 0.333333
12,1 6 0.200000 1.0 0.200000 0.600000
6,1 12 0.200000 0.6 0.333333 0.666667
12 1,6 0.200000 0.3 0.666667 0.333333
6 1,12 0.200000 0.3333333333333333 0.600000 0.200000
1 6,12 0.200000 0.6 0.333333 0.466667
6,13 1 0.266667 0.5714285714285714 0.466667 0.333333
13,1 6 0.266667 1.0 0.266667 0.600000
6,1 13 0.266667 0.8 0.333333 0.600000
13 1,6 0.266667 0.4444444444444444 0.600000 0.333333
6 1,13 0.266667 0.4444444444444444 0.600000 0.266667
1 6,13 0.266667 0.8 0.333333 0.466667
6,18 1 0.200000 0.75 0.266667 0.333333
1,18 6 0.200000 1.0 0.200000 0.600000
6,1 18 0.200000 0.6 0.333333 0.333333
18 1,6 0.200000 0.6 0.333333 0.333333
6 1,18 0.200000 0.3333333333333333 0.600000 0.200000
1 6,18 0.200000 0.6 0.333333 0.266667
12,4 2 0.133333 1.0 0.133333 0.400000
12,2 4 0.133333 0.6666666666666666 0.200000 0.200000
2,4 12 0.133333 0.6666666666666666 0.200000 0.666667
12 2,4 0.133333 0.2 0.666667 0.200000
4 2,12 0.133333 0.6666666666666666 0.200000 0.200000
2 4,12 0.133333 0.3333333333333333 0.400000 0.133333
17,4 2 0.133333 1.0 0.133333 0.400000
2,17 4 0.133333 0.5 0.266667 0.200000
2,4 17 0.133333 0.6666666666666666 0.200000 0.333333
17 2,4 0.133333 0.4 0.333333 0.200000
4 2,17 0.133333 0.6666666666666666 0.200000 0.266667
2 4,17 0.133333 0.3333333333333333 0.400000 0.133333
17,5 2 0.133333 1.0 0.133333 0.400000
2,17 5 0.133333 0.5 0.266667 0.200000
2,5 17 0.133333 0.6666666666666666 0.200000 0.333333
17 2,5 0.133333 0.4 0.333333 0.200000
5 2,17 0.133333 0.6666666666666666 0.200000 0.266667
2 5,17 0.133333 0.3333333333333333 0.400000 0.133333
8,17 2 0.133333 1.0 0.133333 0.400000
2,17 8 0.133333 0.5 0.266667 0.333333
2,8 17 0.133333 0.5 0.266667 0.333333
17 2,8 0.133333 0.4 0.333333 0.266667
8 2,17 0.133333 0.4 0.333333 0.266667
2 8,17 0.133333 0.3333333333333333 0.400000 0.133333
12,9 6 0.333333 0.8333333333333334 0.400000 0.600000
12,6 9 0.333333 0.7142857142857143 0.466667 0.400000
6,9 12 0.333333 1.0 0.333333 0.666667
12 6,9 0.333333 0.5 0.666667 0.333333
9 6,12 0.333333 0.8333333333333334 0.400000 0.466667
6 9,12 0.333333 0.5555555555555556 0.600000 0.400000
12,13 6 0.333333 1.0 0.333333 0.600000
6,13 12 0.333333 0.7142857142857143 0.466667 0.666667
12,6 13 0.333333 0.7142857142857143 0.466667 0.600000
13 6,12 0.333333 0.5555555555555556 0.600000 0.466667
12 6,13 0.333333 0.5 0.666667 0.466667
6 12,13 0.333333 0.5555555555555556 0.600000 0.333333
12,18 6 0.200000 1.0 0.200000 0.600000
6,18 12 0.200000 0.75 0.266667 0.666667
12,6 18 0.200000 0.42857142857142855 0.466667 0.333333
18 6,12 0.200000 0.6 0.333333 0.466667
12 6,18 0.200000 0.3 0.666667 0.266667
6 12,18 0.200000 0.3333333333333333 0.600000 0.200000
13,16 6 0.200000 1.0 0.200000 0.600000
6,16 13 0.200000 0.75 0.266667 0.600000
6,13 16 0.200000 0.42857142857142855 0.466667 0.333333
16 6,13 0.200000 0.6 0.333333 0.466667
13 6,16 0.200000 0.3333333333333333 0.600000 0.266667
6 13,16 0.200000 0.3333333333333333 0.600000 0.200000
13,18 6 0.200000 0.75 0.266667 0.600000
6,18 13 0.200000 0.75 0.266667 0.600000
6,13 18 0.200000 0.42857142857142855 0.466667 0.333333
18 6,13 0.200000 0.6 0.333333 0.466667
13 6,18 0.200000 0.3333333333333333 0.600000 0.266667
6 13,18 0.200000 0.3333333333333333 0.600000 0.266667
12,14 7 0.133333 0.6666666666666666 0.200000 0.266667
7,14 12 0.133333 1.0 0.133333 0.666667
12,7 14 0.133333 0.6666666666666666 0.200000 0.200000
14 7,12 0.133333 0.6666666666666666 0.200000 0.200000
12 7,14 0.133333 0.2 0.666667 0.133333
7 12,14 0.133333 0.5 0.266667 0.200000
13,18 8 0.133333 0.5 0.266667 0.333333
8,18 13 0.133333 1.0 0.133333 0.600000
13,8 18 0.133333 0.6666666666666666 0.200000 0.333333
18 8,13 0.133333 0.4 0.333333 0.200000
13 8,18 0.133333 0.2222222222222222 0.600000 0.133333
8 13,18 0.133333 0.4 0.333333 0.266667
12,17 9 0.133333 0.6666666666666666 0.200000 0.400000
9,17 12 0.133333 1.0 0.133333 0.666667
12,9 17 0.133333 0.3333333333333333 0.400000 0.333333
17 9,12 0.133333 0.4 0.333333 0.400000
12 9,17 0.133333 0.2 0.666667 0.133333
9 12,17 0.133333 0.3333333333333333 0.400000 0.200000
16,15 12 0.133333 1.0 0.133333 0.666667
12,16 15 0.133333 0.5 0.266667 0.200000
12,15 16 0.133333 1.0 0.133333 0.333333
16 12,15 0.133333 0.4 0.333333 0.133333
15 12,16 0.133333 0.6666666666666666 0.200000 0.266667
12 15,16 0.133333 0.2 0.666667 0.133333
6,13,7 1 0.133333 1.0 0.133333 0.333333
13,1,7 6 0.133333 1.0 0.133333 0.600000
6,13,1 7 0.133333 0.5 0.266667 0.266667
6,1,7 13 0.133333 0.6666666666666666 0.200000 0.600000
13,7 1,6 0.133333 1.0 0.133333 0.333333
6,13 1,7 0.133333 0.2857142857142857 0.466667 0.200000
6,7 1,13 0.133333 0.6666666666666666 0.200000 0.266667
13,1 6,7 0.133333 0.5 0.266667 0.200000
1,7 6,13 0.133333 0.6666666666666666 0.200000 0.466667
6,1 7,13 0.133333 0.4 0.333333 0.133333
13 1,6,7 0.133333 0.2222222222222222 0.600000 0.200000
7 1,6,13 0.133333 0.5 0.266667 0.266667
6 1,7,13 0.133333 0.2222222222222222 0.600000 0.133333
1 6,7,13 0.133333 0.4 0.333333 0.133333
6,13,11 1 0.133333 1.0 0.133333 0.333333
13,1,11 6 0.133333 1.0 0.133333 0.600000
6,13,1 11 0.133333 0.5 0.266667 0.200000
6,1,11 13 0.133333 1.0 0.133333 0.600000
13,11 1,6 0.133333 1.0 0.133333 0.333333
6,13 1,11 0.133333 0.2857142857142857 0.466667 0.133333
6,11 1,13 0.133333 1.0 0.133333 0.266667
13,1 6,11 0.133333 0.5 0.266667 0.133333
1,11 6,13 0.133333 1.0 0.133333 0.466667
6,1 11,13 0.133333 0.4 0.333333 0.133333
13 1,6,11 0.133333 0.2222222222222222 0.600000 0.133333
11 1,6,13 0.133333 0.6666666666666666 0.200000 0.266667
6 1,11,13 0.133333 0.2222222222222222 0.600000 0.133333
1 6,11,13 0.133333 0.4 0.333333 0.133333
12,6,13 1 0.133333 0.4 0.333333 0.333333
12,13,1 6 0.133333 1.0 0.133333 0.600000
6,13,1 12 0.133333 0.5 0.266667 0.666667
12,6,1 13 0.133333 0.6666666666666666 0.200000 0.600000
12,13 1,6 0.133333 0.4 0.333333 0.333333
6,13 1,12 0.133333 0.2857142857142857 0.466667 0.200000
12,6 1,13 0.133333 0.2857142857142857 0.466667 0.266667
13,1 6,12 0.133333 0.5 0.266667 0.466667
12,1 6,13 0.133333 0.6666666666666666 0.200000 0.466667
6,1 12,13 0.133333 0.4 0.333333 0.333333
13 1,6,12 0.133333 0.2222222222222222 0.600000 0.200000
12 1,6,13 0.133333 0.2 0.666667 0.266667
6 1,12,13 0.133333 0.2222222222222222 0.600000 0.133333
1 6,12,13 0.133333 0.4 0.333333 0.333333
6,13,16 1 0.133333 0.6666666666666666 0.200000 0.333333
13,1,16 6 0.133333 1.0 0.133333 0.600000
6,1,16 13 0.133333 1.0 0.133333 0.600000
6,13,1 16 0.133333 0.5 0.266667 0.333333
13,16 1,6 0.133333 0.6666666666666666 0.200000 0.333333
6,16 1,13 0.133333 0.5 0.266667 0.266667
6,13 1,16 0.133333 0.2857142857142857 0.466667 0.133333
1,16 6,13 0.133333 1.0 0.133333 0.466667
13,1 6,16 0.133333 0.5 0.266667 0.266667
6,1 13,16 0.133333 0.4 0.333333 0.200000
16 1,6,13 0.133333 0.4 0.333333 0.266667
13 1,6,16 0.133333 0.2222222222222222 0.600000 0.133333
6 1,13,16 0.133333 0.2222222222222222 0.600000 0.133333
1 6,13,16 0.133333 0.4 0.333333 0.200000
6,13,18 1 0.133333 0.6666666666666666 0.200000 0.333333
13,1,18 6 0.133333 1.0 0.133333 0.600000
6,1,18 13 0.133333 0.6666666666666666 0.200000 0.600000
6,13,1 18 0.133333 0.5 0.266667 0.333333
13,18 1,6 0.133333 0.5 0.266667 0.333333
6,18 1,13 0.133333 0.5 0.266667 0.266667
6,13 1,18 0.133333 0.2857142857142857 0.466667 0.200000
1,18 6,13 0.133333 0.6666666666666666 0.200000 0.466667
13,1 6,18 0.133333 0.5 0.266667 0.266667
6,1 13,18 0.133333 0.4 0.333333 0.266667
18 1,6,13 0.133333 0.4 0.333333 0.266667
13 1,6,18 0.133333 0.2222222222222222 0.600000 0.200000
6 1,13,18 0.133333 0.2222222222222222 0.600000 0.133333
1 6,13,18 0.133333 0.4 0.333333 0.200000
8,4,15 2 0.133333 1.0 0.133333 0.400000
2,8,15 4 0.133333 1.0 0.133333 0.200000
2,4,15 8 0.133333 1.0 0.133333 0.333333
2,8,4 15 0.133333 1.0 0.133333 0.200000
8,15 2,4 0.133333 1.0 0.133333 0.200000
4,15 2,8 0.133333 1.0 0.133333 0.266667
8,4 2,15 0.133333 1.0 0.133333 0.133333
2,15 4,8 0.133333 1.0 0.133333 0.133333
2,8 4,15 0.133333 0.5 0.266667 0.133333
2,4 8,15 0.133333 0.6666666666666666 0.200000 0.133333
15 2,4,8 0.133333 0.6666666666666666 0.200000 0.133333
8 2,4,15 0.133333 0.4 0.333333 0.133333
4 2,8,15 0.133333 0.6666666666666666 0.200000 0.133333
2 4,8,15 0.133333 0.3333333333333333 0.400000 0.133333
12,17,14 2 0.133333 1.0 0.133333 0.400000
2,17,14 12 0.133333 1.0 0.133333 0.666667
12,2,17 14 0.133333 1.0 0.133333 0.200000
12,2,14 17 0.133333 1.0 0.133333 0.333333
17,14 2,12 0.133333 1.0 0.133333 0.200000
12,17 2,14 0.133333 0.6666666666666666 0.200000 0.133333
12,14 2,17 0.133333 0.6666666666666666 0.200000 0.266667
2,17 12,14 0.133333 0.5 0.266667 0.200000
2,14 12,17 0.133333 1.0 0.133333 0.200000
12,2 14,17 0.133333 0.6666666666666666 0.200000 0.133333
17 2,12,14 0.133333 0.4 0.333333 0.133333
14 2,12,17 0.133333 0.6666666666666666 0.200000 0.133333
12 2,14,17 0.133333 0.2 0.666667 0.133333
2 12,14,17 0.133333 0.3333333333333333 0.400000 0.133333
12,6,9 3 0.266667 0.8 0.333333 0.266667
12,9,3 6 0.266667 1.0 0.266667 0.600000
12,6,3 9 0.266667 1.0 0.266667 0.400000
6,9,3 12 0.266667 1.0 0.266667 0.666667
12,9 3,6 0.266667 0.6666666666666666 0.400000 0.266667
12,6 3,9 0.266667 0.5714285714285714 0.466667 0.266667
6,9 3,12 0.266667 0.8 0.333333 0.266667
12,3 6,9 0.266667 1.0 0.266667 0.333333
9,3 6,12 0.266667 1.0 0.266667 0.466667
6,3 9,12 0.266667 1.0 0.266667 0.400000
12 3,6,9 0.266667 0.4 0.666667 0.266667
9 3,6,12 0.266667 0.6666666666666666 0.400000 0.266667
6 3,9,12 0.266667 0.4444444444444444 0.600000 0.266667
3 6,9,12 0.266667 1.0 0.266667 0.333333
12,13,9 6 0.266667 1.0 0.266667 0.600000
12,6,13 9 0.266667 0.8 0.333333 0.400000
6,13,9 12 0.266667 1.0 0.266667 0.666667
12,6,9 13 0.266667 0.8 0.333333 0.600000
12,13 6,9 0.266667 0.8 0.333333 0.333333
13,9 6,12 0.266667 1.0 0.266667 0.466667
12,9 6,13 0.266667 0.6666666666666666 0.400000 0.466667
6,13 9,12 0.266667 0.5714285714285714 0.466667 0.400000
12,6 9,13 0.266667 0.5714285714285714 0.466667 0.266667
6,9 12,13 0.266667 0.8 0.333333 0.333333
13 6,9,12 0.266667 0.4444444444444444 0.600000 0.333333
12 6,9,13 0.266667 0.4 0.666667 0.266667
9 6,12,13 0.266667 0.6666666666666666 0.400000 0.333333
6 9,12,13 0.266667 0.4444444444444444 0.600000 0.266667
12,9,16 6 0.200000 1.0 0.200000 0.600000
12,6,16 9 0.200000 1.0 0.200000 0.400000
6,9,16 12 0.200000 1.0 0.200000 0.666667
12,6,9 16 0.200000 0.6 0.333333 0.333333
12,16 6,9 0.200000 0.75 0.266667 0.333333
9,16 6,12 0.200000 1.0 0.200000 0.466667
12,9 6,16 0.200000 0.5 0.400000 0.266667
6,16 9,12 0.200000 0.75 0.266667 0.400000
12,6 9,16 0.200000 0.42857142857142855 0.466667 0.200000
6,9 12,16 0.200000 0.6 0.333333 0.266667
16 6,9,12 0.200000 0.6 0.333333 0.333333
12 6,9,16 0.200000 0.3 0.666667 0.200000
9 6,12,16 0.200000 0.5 0.400000 0.200000
6 9,12,16 0.200000 0.3333333333333333 0.600000 0.200000
12,13,18 6 0.133333 1.0 0.133333 0.600000
6,13,18 12 0.133333 0.6666666666666666 0.200000 0.666667
12,6,18 13 0.133333 0.6666666666666666 0.200000 0.600000
12,6,13 18 0.133333 0.4 0.333333 0.333333
13,18 6,12 0.133333 0.5 0.266667 0.466667
12,18 6,13 0.133333 0.6666666666666666 0.200000 0.466667
12,13 6,18 0.133333 0.4 0.333333 0.266667
6,18 12,13 0.133333 0.5 0.266667 0.333333
6,13 12,18 0.133333 0.2857142857142857 0.466667 0.200000
12,6 13,18 0.133333 0.2857142857142857 0.466667 0.266667
18 6,12,13 0.133333 0.4 0.333333 0.333333
13 6,12,18 0.133333 0.2222222222222222 0.600000 0.200000
12 6,13,18 0.133333 0.2 0.666667 0.200000
6 12,13,18 0.133333 0.2222222222222222 0.600000 0.133333
12,6,18,7 1 0.133333 1.0 0.133333 0.333333
12,1,18,7 6 0.133333 1.0 0.133333 0.600000
12,6,1,18 7 0.133333 1.0 0.133333 0.266667
6,1,18,7 12 0.133333 1.0 0.133333 0.666667
12,6,1,7 18 0.133333 1.0 0.133333 0.333333
12,18,7 1,6 0.133333 1.0 0.133333 0.333333
12,6,18 1,7 0.133333 0.6666666666666666 0.200000 0.200000
6,18,7 1,12 0.133333 1.0 0.133333 0.200000
12,6,7 1,18 0.133333 1.0 0.133333 0.200000
12,1,18 6,7 0.133333 1.0 0.133333 0.200000
1,18,7 6,12 0.133333 1.0 0.133333 0.466667
12,1,7 6,18 0.133333 1.0 0.133333 0.266667
6,1,18 7,12 0.133333 0.6666666666666666 0.200000 0.200000
12,6,1 7,18 0.133333 0.6666666666666666 0.200000 0.133333
6,1,7 12,18 0.133333 0.6666666666666666 0.200000 0.200000
12,18 1,6,7 0.133333 0.6666666666666666 0.200000 0.200000
18,7 1,6,12 0.133333 1.0 0.133333 0.200000
12,7 1,6,18 0.133333 0.6666666666666666 0.200000 0.200000
6,18 1,7,12 0.133333 0.5 0.266667 0.133333
12,6 1,7,18 0.133333 0.2857142857142857 0.466667 0.133333
6,7 1,12,18 0.133333 0.6666666666666666 0.200000 0.133333
1,18 6,7,12 0.133333 0.6666666666666666 0.200000 0.133333
12,1 6,7,18 0.133333 0.6666666666666666 0.200000 0.133333
1,7 6,12,18 0.133333 0.6666666666666666 0.200000 0.200000
6,1 7,12,18 0.133333 0.4 0.333333 0.133333
18 1,6,7,12 0.133333 0.4 0.333333 0.133333
12 1,6,7,18 0.133333 0.2 0.666667 0.133333
7 1,6,12,18 0.133333 0.5 0.266667 0.133333
6 1,7,12,18 0.133333 0.2222222222222222 0.600000 0.133333
1 6,7,12,18 0.133333 0.4 0.333333 0.133333
13,8,5,10 2 0.133333 1.0 0.133333 0.400000
13,2,8,10 5 0.133333 1.0 0.133333 0.200000
13,2,5,10 8 0.133333 1.0 0.133333 0.333333
13,2,8,5 10 0.133333 1.0 0.133333 0.133333
2,8,5,10 13 0.133333 1.0 0.133333 0.600000
13,8,10 2,5 0.133333 1.0 0.133333 0.200000
13,5,10 2,8 0.133333 1.0 0.133333 0.266667
13,8,5 2,10 0.133333 1.0 0.133333 0.133333
8,5,10 2,13 0.133333 1.0 0.133333 0.133333
13,2,10 5,8 0.133333 1.0 0.133333 0.133333
13,2,8 5,10 0.133333 1.0 0.133333 0.133333
2,8,10 5,13 0.133333 1.0 0.133333 0.133333
13,2,5 8,10 0.133333 1.0 0.133333 0.133333
2,5,10 8,13 0.133333 1.0 0.133333 0.200000
2,8,5 10,13 0.133333 1.0 0.133333 0.133333
13,10 2,5,8 0.133333 1.0 0.133333 0.133333
13,8 2,5,10 0.133333 0.6666666666666666 0.200000 0.133333
8,10 2,5,13 0.133333 1.0 0.133333 0.133333
13,5 2,8,10 0.133333 1.0 0.133333 0.133333
5,10 2,8,13 0.133333 1.0 0.133333 0.133333
8,5 2,10,13 0.133333 1.0 0.133333 0.133333
13,2 5,8,10 0.133333 1.0 0.133333 0.133333
2,10 5,8,13 0.133333 1.0 0.133333 0.133333
2,8 5,10,13 0.133333 0.5 0.266667 0.133333
2,5 8,10,13 0.133333 0.6666666666666666 0.200000 0.133333
13 2,5,8,10 0.133333 0.2222222222222222 0.600000 0.133333
10 2,5,8,13 0.133333 1.0 0.133333 0.133333
8 2,5,10,13 0.133333 0.4 0.333333 0.133333
5 2,8,10,13 0.133333 0.6666666666666666 0.200000 0.133333
2 5,8,10,13 0.133333 0.3333333333333333 0.400000 0.133333
12,6,13,9 3 0.200000 0.75 0.266667 0.266667
12,13,9,3 6 0.200000 1.0 0.200000 0.600000
12,6,13,3 9 0.200000 1.0 0.200000 0.400000
6,13,9,3 12 0.200000 1.0 0.200000 0.666667
12,6,9,3 13 0.200000 0.75 0.266667 0.600000
12,13,9 3,6 0.200000 0.75 0.266667 0.266667
12,6,13 3,9 0.200000 0.6 0.333333 0.266667
6,13,9 3,12 0.200000 0.75 0.266667 0.266667
12,6,9 3,13 0.200000 0.6 0.333333 0.200000
12,13,3 6,9 0.200000 1.0 0.200000 0.333333
13,9,3 6,12 0.200000 1.0 0.200000 0.466667
12,9,3 6,13 0.200000 0.75 0.266667 0.466667
6,13,3 9,12 0.200000 1.0 0.200000 0.400000
12,6,3 9,13 0.200000 0.75 0.266667 0.266667
6,9,3 12,13 0.200000 0.75 0.266667 0.333333
12,13 3,6,9 0.200000 0.6 0.333333 0.266667
13,9 3,6,12 0.200000 0.75 0.266667 0.266667
12,9 3,6,13 0.200000 0.5 0.400000 0.200000
6,13 3,9,12 0.200000 0.42857142857142855 0.466667 0.266667
12,6 3,9,13 0.200000 0.42857142857142855 0.466667 0.200000
6,9 3,12,13 0.200000 0.6 0.333333 0.200000
13,3 6,9,12 0.200000 1.0 0.200000 0.333333
12,3 6,9,13 0.200000 0.75 0.266667 0.266667
9,3 6,12,13 0.200000 0.75 0.266667 0.333333
6,3 9,12,13 0.200000 0.75 0.266667 0.266667
13 3,6,9,12 0.200000 0.3333333333333333 0.600000 0.266667
12 3,6,9,13 0.200000 0.3 0.666667 0.200000
9 3,6,12,13 0.200000 0.5 0.400000 0.200000
6 3,9,12,13 0.200000 0.3333333333333333 0.600000 0.200000
3 6,9,12,13 0.200000 0.75 0.266667 0.266667
12,6,9,16 3 0.133333 0.6666666666666666 0.200000 0.266667
12,9,16,3 6 0.133333 1.0 0.133333 0.600000
12,6,16,3 9 0.133333 1.0 0.133333 0.400000
6,9,16,3 12 0.133333 1.0 0.133333 0.666667
12,6,9,3 16 0.133333 0.5 0.266667 0.333333
12,9,16 3,6 0.133333 0.6666666666666666 0.200000 0.266667
12,6,16 3,9 0.133333 0.6666666666666666 0.200000 0.266667
6,9,16 3,12 0.133333 0.6666666666666666 0.200000 0.266667
12,6,9 3,16 0.133333 0.4 0.333333 0.133333
12,16,3 6,9 0.133333 1.0 0.133333 0.333333
9,16,3 6,12 0.133333 1.0 0.133333 0.466667
12,9,3 6,16 0.133333 0.5 0.266667 0.266667
6,16,3 9,12 0.133333 1.0 0.133333 0.400000
12,6,3 9,16 0.133333 0.5 0.266667 0.200000
6,9,3 12,16 0.133333 0.5 0.266667 0.266667
12,16 3,6,9 0.133333 0.5 0.266667 0.266667
9,16 3,6,12 0.133333 0.6666666666666666 0.200000 0.266667
12,9 3,6,16 0.133333 0.3333333333333333 0.400000 0.133333
6,16 3,9,12 0.133333 0.5 0.266667 0.266667
12,6 3,9,16 0.133333 0.2857142857142857 0.466667 0.133333
6,9 3,12,16 0.133333 0.4 0.333333 0.133333
16,3 6,9,12 0.133333 1.0 0.133333 0.333333
12,3 6,9,16 0.133333 0.5 0.266667 0.200000
9,3 6,12,16 0.133333 0.5 0.266667 0.200000
6,3 9,12,16 0.133333 0.5 0.266667 0.200000
16 3,6,9,12 0.133333 0.4 0.333333 0.266667
12 3,6,9,16 0.133333 0.2 0.666667 0.133333
9 3,6,12,16 0.133333 0.3333333333333333 0.400000 0.133333
6 3,9,12,16 0.133333 0.2222222222222222 0.600000 0.133333
3 6,9,12,16 0.133333 0.5 0.266667 0.200000
12,13,9,16 6 0.133333 1.0 0.133333 0.600000
12,6,13,16 9 0.133333 1.0 0.133333 0.400000
6,13,9,16 12 0.133333 1.0 0.133333 0.666667
12,6,9,16 13 0.133333 0.6666666666666666 0.200000 0.600000
12,6,13,9 16 0.133333 0.5 0.266667 0.333333
12,13,16 6,9 0.133333 1.0 0.133333 0.333333
13,9,16 6,12 0.133333 1.0 0.133333 0.466667
12,9,16 6,13 0.133333 0.6666666666666666 0.200000 0.466667
12,13,9 6,16 0.133333 0.5 0.266667 0.266667
6,13,16 9,12 0.133333 0.6666666666666666 0.200000 0.400000
12,6,16 9,13 0.133333 0.6666666666666666 0.200000 0.266667
12,6,13 9,16 0.133333 0.4 0.333333 0.200000
6,9,16 12,13 0.133333 0.6666666666666666 0.200000 0.333333
6,13,9 12,16 0.133333 0.5 0.266667 0.266667
12,6,9 13,16 0.133333 0.4 0.333333 0.200000
13,16 6,9,12 0.133333 0.6666666666666666 0.200000 0.333333
12,16 6,9,13 0.133333 0.5 0.266667 0.266667
12,13 6,9,16 0.133333 0.4 0.333333 0.200000
9,16 6,12,13 0.133333 0.6666666666666666 0.200000 0.333333
13,9 6,12,16 0.133333 0.5 0.266667 0.200000
12,9 6,13,16 0.133333 0.3333333333333333 0.400000 0.200000
6,16 9,12,13 0.133333 0.5 0.266667 0.266667
6,13 9,12,16 0.133333 0.2857142857142857 0.466667 0.200000
12,6 9,13,16 0.133333 0.2857142857142857 0.466667 0.133333
6,9 12,13,16 0.133333 0.4 0.333333 0.133333
16 6,9,12,13 0.133333 0.4 0.333333 0.266667
13 6,9,12,16 0.133333 0.2222222222222222 0.600000 0.200000
12 6,9,13,16 0.133333 0.2 0.666667 0.133333
9 6,12,13,16 0.133333 0.3333333333333333 0.400000 0.133333
6 9,12,13,16 0.133333 0.2222222222222222 0.600000 0.133333
6,13,16,7,11 1 0.066667 1.0 0.066667 0.333333
13,1,16,7,11 6 0.066667 1.0 0.066667 0.600000
6,13,1,16,11 7 0.066667 1.0 0.066667 0.266667
6,13,1,16,7 11 0.066667 1.0 0.066667 0.200000
6,1,16,7,11 13 0.066667 1.0 0.066667 0.600000
6,13,1,7,11 16 0.066667 1.0 0.066667 0.333333
13,16,7,11 1,6 0.066667 1.0 0.066667 0.333333
6,13,16,11 1,7 0.066667 1.0 0.066667 0.200000
6,13,16,7 1,11 0.066667 1.0 0.066667 0.133333
6,16,7,11 1,13 0.066667 1.0 0.066667 0.266667
6,13,7,11 1,16 0.066667 1.0 0.066667 0.133333
13,1,16,11 6,7 0.066667 1.0 0.066667 0.200000
13,1,16,7 6,11 0.066667 1.0 0.066667 0.133333
1,16,7,11 6,13 0.066667 1.0 0.066667 0.466667
13,1,7,11 6,16 0.066667 1.0 0.066667 0.266667
6,13,1,16 7,11 0.066667 0.5 0.133333 0.066667
6,1,16,11 7,13 0.066667 1.0 0.066667 0.133333
6,13,1,11 7,16 0.066667 0.5 0.133333 0.066667
6,1,16,7 11,13 0.066667 1.0 0.066667 0.133333
6,13,1,7 11,16 0.066667 0.5 0.133333 0.066667
6,1,7,11 13,16 0.066667 1.0 0.066667 0.200000
13,16,11 1,6,7 0.066667 1.0 0.066667 0.200000
13,16,7 1,6,11 0.066667 1.0 0.066667 0.133333
16,7,11 1,6,13 0.066667 1.0 0.066667 0.266667
13,7,11 1,6,16 0.066667 1.0 0.066667 0.133333
6,13,16 1,7,11 0.066667 0.3333333333333333 0.200000 0.066667
6,16,11 1,7,13 0.066667 1.0 0.066667 0.133333
6,13,11 1,7,16 0.066667 0.5 0.133333 0.066667
6,16,7 1,11,13 0.066667 1.0 0.066667 0.133333
6,13,7 1,11,16 0.066667 0.5 0.133333 0.066667
6,7,11 1,13,16 0.066667 1.0 0.066667 0.133333
13,1,16 6,7,11 0.066667 0.5 0.133333 0.066667
1,16,11 6,7,13 0.066667 1.0 0.066667 0.133333
13,1,11 6,7,16 0.066667 0.5 0.133333 0.066667
1,16,7 6,11,13 0.066667 1.0 0.066667 0.133333
13,1,7 6,11,16 0.066667 0.5 0.133333 0.066667
1,7,11 6,13,16 0.066667 1.0 0.066667 0.200000
6,1,16 7,11,13 0.066667 0.5 0.133333 0.066667
6,13,1 7,11,16 0.066667 0.25 0.266667 0.066667
6,1,11 7,13,16 0.066667 0.5 0.133333 0.066667
6,1,7 11,13,16 0.066667 0.3333333333333333 0.200000 0.066667
13,16 1,6,7,11 0.066667 0.3333333333333333 0.200000 0.066667
16,11 1,6,7,13 0.066667 1.0 0.066667 0.133333
13,11 1,6,7,16 0.066667 0.5 0.133333 0.066667
16,7 1,6,11,13 0.066667 1.0 0.066667 0.133333
13,7 1,6,11,16 0.066667 0.5 0.133333 0.066667
7,11 1,6,13,16 0.066667 1.0 0.066667 0.133333
6,16 1,7,11,13 0.066667 0.25 0.266667 0.066667
6,13 1,7,11,16 0.066667 0.14285714285714285 0.466667 0.066667
6,11 1,7,13,16 0.066667 0.5 0.133333 0.066667
6,7 1,11,13,16 0.066667 0.3333333333333333 0.200000 0.066667
1,16 6,7,11,13 0.066667 0.5 0.133333 0.066667
13,1 6,7,11,16 0.066667 0.25 0.266667 0.066667
1,11 6,7,13,16 0.066667 0.5 0.133333 0.066667
1,7 6,11,13,16 0.066667 0.3333333333333333 0.200000 0.066667
6,1 7,11,13,16 0.066667 0.2 0.333333 0.066667
16 1,6,7,11,13 0.066667 0.2 0.333333 0.066667
13 1,6,7,11,16 0.066667 0.1111111111111111 0.600000 0.066667
11 1,6,7,13,16 0.066667 0.3333333333333333 0.200000 0.066667
7 1,6,11,13,16 0.066667 0.25 0.266667 0.066667
6 1,7,11,13,16 0.066667 0.1111111111111111 0.600000 0.066667
1 6,7,11,13,16 0.066667 0.2 0.333333 0.066667
12,6,13,18,7 1 0.066667 1.0 0.066667 0.333333
12,13,1,18,7 6 0.066667 1.0 0.066667 0.600000
12,6,13,1,18 7 0.066667 1.0 0.066667 0.266667
6,13,1,18,7 12 0.066667 1.0 0.066667 0.666667
12,6,1,18,7 13 0.066667 0.5 0.133333 0.600000
12,6,13,1,7 18 0.066667 1.0 0.066667 0.333333
12,13,18,7 1,6 0.066667 1.0 0.066667 0.333333
12,6,13,18 1,7 0.066667 0.5 0.133333 0.200000
6,13,18,7 1,12 0.066667 1.0 0.066667 0.200000
12,6,18,7 1,13 0.066667 0.5 0.133333 0.266667
12,6,13,7 1,18 0.066667 1.0 0.066667 0.200000
12,13,1,18 6,7 0.066667 1.0 0.066667 0.200000
13,1,18,7 6,12 0.066667 1.0 0.066667 0.466667
12,1,18,7 6,13 0.066667 0.5 0.133333 0.466667
12,13,1,7 6,18 0.066667 1.0 0.066667 0.266667
6,13,1,18 7,12 0.066667 0.5 0.133333 0.200000
12,6,1,18 7,13 0.066667 0.5 0.133333 0.133333
12,6,13,1 7,18 0.066667 0.5 0.133333 0.133333
6,1,18,7 12,13 0.066667 0.5 0.133333 0.333333
6,13,1,7 12,18 0.066667 0.5 0.133333 0.200000
12,6,1,7 13,18 0.066667 0.5 0.133333 0.266667
12,13,18 1,6,7 0.066667 0.5 0.133333 0.200000
13,18,7 1,6,12 0.066667 1.0 0.066667 0.200000
12,18,7 1,6,13 0.066667 0.5 0.133333 0.266667
12,13,7 1,6,18 0.066667 1.0 0.066667 0.200000
6,13,18 1,7,12 0.066667 0.3333333333333333 0.200000 0.133333
12,6,18 1,7,13 0.066667 0.3333333333333333 0.200000 0.133333
12,6,13 1,7,18 0.066667 0.2 0.333333 0.133333
6,18,7 1,12,13 0.066667 0.5 0.133333 0.133333
6,13,7 1,12,18 0.066667 0.5 0.133333 0.133333
12,6,7 1,13,18 0.066667 0.5 0.133333 0.133333
13,1,18 6,7,12 0.066667 0.5 0.133333 0.133333
12,1,18 6,7,13 0.066667 0.5 0.133333 0.133333
12,13,1 6,7,18 0.066667 0.5 0.133333 0.133333
1,18,7 6,12,13 0.066667 0.5 0.133333 0.333333
13,1,7 6,12,18 0.066667 0.5 0.133333 0.200000
12,1,7 6,13,18 0.066667 0.5 0.133333 0.200000
6,1,18 7,12,13 0.066667 0.3333333333333333 0.200000 0.066667
6,13,1 7,12,18 0.066667 0.25 0.266667 0.133333
12,6,1 7,13,18 0.066667 0.3333333333333333 0.200000 0.066667
6,1,7 12,13,18 0.066667 0.3333333333333333 0.200000 0.133333
13,18 1,6,7,12 0.066667 0.25 0.266667 0.133333
12,18 1,6,7,13 0.066667 0.3333333333333333 0.200000 0.133333
12,13 1,6,7,18 0.066667 0.2 0.333333 0.133333
18,7 1,6,12,13 0.066667 0.5 0.133333 0.133333
13,7 1,6,12,18 0.066667 0.5 0.133333 0.133333
12,7 1,6,13,18 0.066667 0.3333333333333333 0.200000 0.133333
6,18 1,7,12,13 0.066667 0.25 0.266667 0.066667
6,13 1,7,12,18 0.066667 0.14285714285714285 0.466667 0.133333
12,6 1,7,13,18 0.066667 0.14285714285714285 0.466667 0.066667
6,7 1,12,13,18 0.066667 0.3333333333333333 0.200000 0.066667
1,18 6,7,12,13 0.066667 0.3333333333333333 0.200000 0.066667
13,1 6,7,12,18 0.066667 0.25 0.266667 0.133333
12,1 6,7,13,18 0.066667 0.3333333333333333 0.200000 0.066667
1,7 6,12,13,18 0.066667 0.3333333333333333 0.200000 0.133333
6,1 7,12,13,18 0.066667 0.2 0.333333 0.066667
18 1,6,7,12,13 0.066667 0.2 0.333333 0.066667
13 1,6,7,12,18 0.066667 0.1111111111111111 0.600000 0.133333
12 1,6,7,13,18 0.066667 0.1 0.666667 0.066667
7 1,6,12,13,18 0.066667 0.25 0.266667 0.066667
6 1,7,12,13,18 0.066667 0.1111111111111111 0.600000 0.066667
1 6,7,12,13,18 0.066667 0.2 0.333333 0.066667
12,6,18,7,14 1 0.066667 1.0 0.066667 0.333333
12,1,18,7,14 6 0.066667 1.0 0.066667 0.600000
12,6,1,18,14 7 0.066667 1.0 0.066667 0.266667
6,1,18,7,14 12 0.066667 1.0 0.066667 0.666667
12,6,1,18,7 14 0.066667 0.5 0.133333 0.200000
12,6,1,7,14 18 0.066667 1.0 0.066667 0.333333
12,18,7,14 1,6 0.066667 1.0 0.066667 0.333333
12,6,18,14 1,7 0.066667 1.0 0.066667 0.200000
6,18,7,14 1,12 0.066667 1.0 0.066667 0.200000
12,6,18,7 1,14 0.066667 0.5 0.133333 0.066667
12,6,7,14 1,18 0.066667 1.0 0.066667 0.200000
12,1,18,14 6,7 0.066667 1.0 0.066667 0.200000
1,18,7,14 6,12 0.066667 1.0 0.066667 0.466667
12,1,18,7 6,14 0.066667 0.5 0.133333 0.066667
12,1,7,14 6,18 0.066667 1.0 0.066667 0.266667
6,1,18,14 7,12 0.066667 1.0 0.066667 0.200000
12,6,1,18 7,14 0.066667 0.5 0.133333 0.133333
12,6,1,14 7,18 0.066667 1.0 0.066667 0.133333
6,1,18,7 12,14 0.066667 0.5 0.133333 0.200000
6,1,7,14 12,18 0.066667 1.0 0.066667 0.200000
12,6,1,7 14,18 0.066667 0.5 0.133333 0.066667
12,18,14 1,6,7 0.066667 1.0 0.066667 0.200000
18,7,14 1,6,12 0.066667 1.0 0.066667 0.200000
12,18,7 1,6,14 0.066667 0.5 0.133333 0.066667
12,7,14 1,6,18 0.066667 0.5 0.133333 0.200000
6,18,14 1,7,12 0.066667 1.0 0.066667 0.133333
12,6,18 1,7,14 0.066667 0.3333333333333333 0.200000 0.066667
12,6,14 1,7,18 0.066667 1.0 0.066667 0.133333
6,18,7 1,12,14 0.066667 0.5 0.133333 0.066667
6,7,14 1,12,18 0.066667 1.0 0.066667 0.133333
12,6,7 1,14,18 0.066667 0.5 0.133333 0.066667
1,18,14 6,7,12 0.066667 1.0 0.066667 0.133333
12,1,18 6,7,14 0.066667 0.5 0.133333 0.066667
12,1,14 6,7,18 0.066667 1.0 0.066667 0.133333
1,18,7 6,12,14 0.066667 0.5 0.133333 0.066667
1,7,14 6,12,18 0.066667 1.0 0.066667 0.200000
12,1,7 6,14,18 0.066667 0.5 0.133333 0.066667
6,1,18 7,12,14 0.066667 0.3333333333333333 0.200000 0.133333
6,1,14 7,12,18 0.066667 1.0 0.066667 0.133333
12,6,1 7,14,18 0.066667 0.3333333333333333 0.200000 0.066667
6,1,7 12,14,18 0.066667 0.3333333333333333 0.200000 0.066667
18,14 1,6,7,12 0.066667 1.0 0.066667 0.133333
12,18 1,6,7,14 0.066667 0.3333333333333333 0.200000 0.066667
12,14 1,6,7,18 0.066667 0.3333333333333333 0.200000 0.133333
18,7 1,6,12,14 0.066667 0.5 0.133333 0.066667
7,14 1,6,12,18 0.066667 0.5 0.133333 0.133333
12,7 1,6,14,18 0.066667 0.3333333333333333 0.200000 0.066667
6,18 1,7,12,14 0.066667 0.25 0.266667 0.066667
6,14 1,7,12,18 0.066667 1.0 0.066667 0.133333
12,6 1,7,14,18 0.066667 0.14285714285714285 0.466667 0.066667
6,7 1,12,14,18 0.066667 0.3333333333333333 0.200000 0.066667
1,18 6,7,12,14 0.066667 0.3333333333333333 0.200000 0.066667
1,14 6,7,12,18 0.066667 1.0 0.066667 0.133333
12,1 6,7,14,18 0.066667 0.3333333333333333 0.200000 0.066667
1,7 6,12,14,18 0.066667 0.3333333333333333 0.200000 0.066667
6,1 7,12,14,18 0.066667 0.2 0.333333 0.066667
18 1,6,7,12,14 0.066667 0.2 0.333333 0.066667
14 1,6,7,12,18 0.066667 0.3333333333333333 0.200000 0.133333
12 1,6,7,14,18 0.066667 0.1 0.666667 0.066667
7 1,6,12,14,18 0.066667 0.25 0.266667 0.066667
6 1,7,12,14,18 0.066667 0.1111111111111111 0.600000 0.066667
1 6,7,12,14,18 0.066667 0.2 0.333333 0.066667
6,13,8,18,11 1 0.066667 1.0 0.066667 0.333333
13,1,8,18,11 6 0.066667 1.0 0.066667 0.600000
6,13,1,18,11 8 0.066667 1.0 0.066667 0.333333
6,13,1,8,18 11 0.066667 1.0 0.066667 0.200000
6,1,8,18,11 13 0.066667 1.0 0.066667 0.600000
6,13,1,8,11 18 0.066667 1.0 0.066667 0.333333
13,8,18,11 1,6 0.066667 1.0 0.066667 0.333333
6,13,18,11 1,8 0.066667 1.0 0.066667 0.066667
6,13,8,18 1,11 0.066667 1.0 0.066667 0.133333
6,8,18,11 1,13 0.066667 1.0 0.066667 0.266667
6,13,8,11 1,18 0.066667 1.0 0.066667 0.200000
13,1,18,11 6,8 0.066667 1.0 0.066667 0.066667
13,1,8,18 6,11 0.066667 1.0 0.066667 0.133333
1,8,18,11 6,13 0.066667 1.0 0.066667 0.466667
13,1,8,11 6,18 0.066667 1.0 0.066667 0.266667
6,13,1,18 8,11 0.066667 0.5 0.133333 0.133333
6,1,18,11 8,13 0.066667 1.0 0.066667 0.200000
6,13,1,11 8,18 0.066667 0.5 0.133333 0.133333
6,1,8,18 11,13 0.066667 1.0 0.066667 0.133333
6,13,1,8 11,18 0.066667 1.0 0.066667 0.066667
6,1,8,11 13,18 0.066667 1.0 0.066667 0.266667
13,18,11 1,6,8 0.066667 1.0 0.066667 0.066667
13,8,18 1,6,11 0.066667 0.5 0.133333 0.133333
8,18,11 1,6,13 0.066667 1.0 0.066667 0.266667
13,8,11 1,6,18 0.066667 1.0 0.066667 0.200000
6,13,18 1,8,11 0.066667 0.3333333333333333 0.200000 0.066667
6,18,11 1,8,13 0.066667 1.0 0.066667 0.066667
6,13,11 1,8,18 0.066667 0.5 0.133333 0.066667
6,8,18 1,11,13 0.066667 1.0 0.066667 0.133333
6,13,8 1,11,18 0.066667 1.0 0.066667 0.066667
6,8,11 1,13,18 0.066667 1.0 0.066667 0.133333
13,1,18 6,8,11 0.066667 0.5 0.133333 0.066667
1,18,11 6,8,13 0.066667 1.0 0.066667 0.066667
13,1,11 6,8,18 0.066667 0.5 0.133333 0.066667
1,8,18 6,11,13 0.066667 1.0 0.066667 0.133333
13,1,8 6,11,18 0.066667 1.0 0.066667 0.066667
1,8,11 6,13,18 0.066667 1.0 0.066667 0.200000
6,1,18 8,11,13 0.066667 0.3333333333333333 0.200000 0.066667
6,13,1 8,11,18 0.066667 0.25 0.266667 0.066667
6,1,11 8,13,18 0.066667 0.5 0.133333 0.133333
6,1,8 11,13,18 0.066667 1.0 0.066667 0.066667
13,18 1,6,8,11 0.066667 0.25 0.266667 0.066667
18,11 1,6,8,13 0.066667 1.0 0.066667 0.066667
13,11 1,6,8,18 0.066667 0.5 0.133333 0.066667
8,18 1,6,11,13 0.066667 0.5 0.133333 0.133333
13,8 1,6,11,18 0.066667 0.3333333333333333 0.200000 0.066667
8,11 1,6,13,18 0.066667 0.5 0.133333 0.133333
6,18 1,8,11,13 0.066667 0.25 0.266667 0.066667
6,13 1,8,11,18 0.066667 0.14285714285714285 0.466667 0.066667
6,11 1,8,13,18 0.066667 0.5 0.133333 0.066667
6,8 1,11,13,18 0.066667 1.0 0.066667 0.066667
1,18 6,8,11,13 0.066667 0.3333333333333333 0.200000 0.066667
13,1 6,8,11,18 0.066667 0.25 0.266667 0.066667
1,11 6,8,13,18 0.066667 0.5 0.133333 0.066667
1,8 6,11,13,18 0.066667 1.0 0.066667 0.066667
6,1 8,11,13,18 0.066667 0.2 0.333333 0.066667
18 1,6,8,11,13 0.066667 0.2 0.333333 0.066667
13 1,6,8,11,18 0.066667 0.1111111111111111 0.600000 0.066667
11 1,6,8,13,18 0.066667 0.3333333333333333 0.200000 0.066667
8 1,6,11,13,18 0.066667 0.2 0.333333 0.066667
6 1,8,11,13,18 0.066667 0.1111111111111111 0.600000 0.066667
1 6,8,11,13,18 0.066667 0.2 0.333333 0.066667
12,6,13,9,16 1 0.066667 0.5 0.133333 0.333333
12,13,9,1,16 6 0.066667 1.0 0.066667 0.600000
12,6,13,1,16 9 0.066667 1.0 0.066667 0.400000
6,13,9,1,16 12 0.066667 1.0 0.066667 0.666667
12,6,9,1,16 13 0.066667 1.0 0.066667 0.600000
12,6,13,9,1 16 0.066667 1.0 0.066667 0.333333
12,13,9,16 1,6 0.066667 0.5 0.133333 0.333333
12,6,13,16 1,9 0.066667 0.5 0.133333 0.066667
6,13,9,16 1,12 0.066667 0.5 0.133333 0.200000
12,6,9,16 1,13 0.066667 0.3333333333333333 0.200000 0.266667
12,6,13,9 1,16 0.066667 0.25 0.266667 0.133333
12,13,1,16 6,9 0.066667 1.0 0.066667 0.333333
13,9,1,16 6,12 0.066667 1.0 0.066667 0.466667
12,9,1,16 6,13 0.066667 1.0 0.066667 0.466667
12,13,9,1 6,16 0.066667 1.0 0.066667 0.266667
6,13,1,16 9,12 0.066667 0.5 0.133333 0.400000
12,6,1,16 9,13 0.066667 1.0 0.066667 0.266667
12,6,13,1 9,16 0.066667 0.5 0.133333 0.200000
6,9,1,16 12,13 0.066667 1.0 0.066667 0.333333
6,13,9,1 12,16 0.066667 1.0 0.066667 0.266667
12,6,9,1 13,16 0.066667 1.0 0.066667 0.200000
12,13,16 1,6,9 0.066667 0.5 0.133333 0.066667
13,9,16 1,6,12 0.066667 0.5 0.133333 0.200000
12,9,16 1,6,13 0.066667 0.3333333333333333 0.200000 0.266667
12,13,9 1,6,16 0.066667 0.25 0.266667 0.133333
6,13,16 1,9,12 0.066667 0.3333333333333333 0.200000 0.066667
12,6,16 1,9,13 0.066667 0.3333333333333333 0.200000 0.066667
12,6,13 1,9,16 0.066667 0.2 0.333333 0.066667
6,9,16 1,12,13 0.066667 0.3333333333333333 0.200000 0.133333
6,13,9 1,12,16 0.066667 0.25 0.266667 0.066667
12,6,9 1,13,16 0.066667 0.2 0.333333 0.133333
13,1,16 6,9,12 0.066667 0.5 0.133333 0.333333
12,1,16 6,9,13 0.066667 1.0 0.066667 0.266667
12,13,1 6,9,16 0.066667 0.5 0.133333 0.200000
9,1,16 6,12,13 0.066667 1.0 0.066667 0.333333
13,9,1 6,12,16 0.066667 1.0 0.066667 0.200000
12,9,1 6,13,16 0.066667 1.0 0.066667 0.200000
6,1,16 9,12,13 0.066667 0.5 0.133333 0.266667
6,13,1 9,12,16 0.066667 0.25 0.266667 0.200000
12,6,1 9,13,16 0.066667 0.3333333333333333 0.200000 0.133333
6,9,1 12,13,16 0.066667 1.0 0.066667 0.133333
13,16 1,6,9,12 0.066667 0.3333333333333333 0.200000 0.066667
12,16 1,6,9,13 0.066667 0.25 0.266667 0.066667
12,13 1,6,9,16 0.066667 0.2 0.333333 0.066667
9,16 1,6,12,13 0.066667 0.3333333333333333 0.200000 0.133333
13,9 1,6,12,16 0.066667 0.25 0.266667 0.066667
12,9 1,6,13,16 0.066667 0.16666666666666666 0.400000 0.133333
6,16 1,9,12,13 0.066667 0.25 0.266667 0.066667
6,13 1,9,12,16 0.066667 0.14285714285714285 0.466667 0.066667
12,6 1,9,13,16 0.066667 0.14285714285714285 0.466667 0.066667
6,9 1,12,13,16 0.066667 0.2 0.333333 0.066667
1,16 6,9,12,13 0.066667 0.5 0.133333 0.266667
13,1 6,9,12,16 0.066667 0.25 0.266667 0.200000
12,1 6,9,13,16 0.066667 0.3333333333333333 0.200000 0.133333
9,1 6,12,13,16 0.066667 1.0 0.066667 0.133333
6,1 9,12,13,16 0.066667 0.2 0.333333 0.133333
16 1,6,9,12,13 0.066667 0.2 0.333333 0.066667
13 1,6,9,12,16 0.066667 0.1111111111111111 0.600000 0.066667
12 1,6,9,13,16 0.066667 0.1 0.666667 0.066667
9 1,6,12,13,16 0.066667 0.16666666666666666 0.400000 0.066667
6 1,9,12,13,16 0.066667 0.1111111111111111 0.600000 0.066667
1 6,9,12,13,16 0.066667 0.2 0.333333 0.133333
12,17,7,4,14 2 0.066667 1.0 0.066667 0.400000
12,2,17,7,14 4 0.066667 1.0 0.066667 0.200000
12,2,17,4,14 7 0.066667 1.0 0.066667 0.266667
2,17,7,4,14 12 0.066667 1.0 0.066667 0.666667
12,2,17,7,4 14 0.066667 1.0 0.066667 0.200000
12,2,7,4,14 17 0.066667 1.0 0.066667 0.333333
12,17,7,14 2,4 0.066667 1.0 0.066667 0.200000
12,17,4,14 2,7 0.066667 1.0 0.066667 0.066667
17,7,4,14 2,12 0.066667 1.0 0.066667 0.200000
12,17,7,4 2,14 0.066667 1.0 0.066667 0.133333
12,7,4,14 2,17 0.066667 1.0 0.066667 0.266667
12,2,17,14 4,7 0.066667 0.5 0.133333 0.066667
2,17,7,14 4,12 0.066667 1.0 0.066667 0.133333
12,2,17,7 4,14 0.066667 1.0 0.066667 0.066667
12,2,7,14 4,17 0.066667 1.0 0.066667 0.133333
2,17,4,14 7,12 0.066667 1.0 0.066667 0.200000
12,2,17,4 7,14 0.066667 1.0 0.066667 0.133333
12,2,4,14 7,17 0.066667 1.0 0.066667 0.066667
2,17,7,4 12,14 0.066667 1.0 0.066667 0.200000
2,7,4,14 12,17 0.066667 1.0 0.066667 0.200000
12,2,7,4 14,17 0.066667 1.0 0.066667 0.133333
12,17,14 2,4,7 0.066667 0.5 0.133333 0.066667
17,7,14 2,4,12 0.066667 1.0 0.066667 0.133333
12,17,7 2,4,14 0.066667 1.0 0.066667 0.066667
12,7,14 2,4,17 0.066667 0.5 0.133333 0.133333
17,4,14 2,7,12 0.066667 1.0 0.066667 0.066667
12,17,4 2,7,14 0.066667 1.0 0.066667 0.066667
12,4,14 2,7,17 0.066667 1.0 0.066667 0.066667
17,7,4 2,12,14 0.066667 1.0 0.066667 0.133333
7,4,14 2,12,17 0.066667 1.0 0.066667 0.133333
12,7,4 2,14,17 0.066667 1.0 0.066667 0.133333
2,17,14 4,7,12 0.066667 0.5 0.133333 0.066667
12,2,17 4,7,14 0.066667 0.5 0.133333 0.066667
12,2,14 4,7,17 0.066667 0.5 0.133333 0.066667
2,17,7 4,12,14 0.066667 1.0 0.066667 0.066667
2,7,14 4,12,17 0.066667 1.0 0.066667 0.066667
12,2,7 4,14,17 0.066667 1.0 0.066667 0.066667
2,17,4 7,12,14 0.066667 0.5 0.133333 0.133333
2,4,14 7,12,17 0.066667 1.0 0.066667 0.066667
12,2,4 7,14,17 0.066667 0.5 0.133333 0.066667
2,7,4 12,14,17 0.066667 1.0 0.066667 0.133333
17,14 2,4,7,12 0.066667 0.5 0.133333 0.066667
12,17 2,4,7,14 0.066667 0.3333333333333333 0.200000 0.066667
12,14 2,4,7,17 0.066667 0.3333333333333333 0.200000 0.066667
17,7 2,4,12,14 0.066667 1.0 0.066667 0.066667
7,14 2,4,12,17 0.066667 0.5 0.133333 0.066667
12,7 2,4,14,17 0.066667 0.3333333333333333 0.200000 0.066667
17,4 2,7,12,14 0.066667 0.5 0.133333 0.066667
4,14 2,7,12,17 0.066667 1.0 0.066667 0.066667
12,4 2,7,14,17 0.066667 0.5 0.133333 0.066667
7,4 2,12,14,17 0.066667 1.0 0.066667 0.133333
2,17 4,7,12,14 0.066667 0.25 0.266667 0.066667
2,14 4,7,12,17 0.066667 0.5 0.133333 0.066667
12,2 4,7,14,17 0.066667 0.3333333333333333 0.200000 0.066667
2,7 4,12,14,17 0.066667 1.0 0.066667 0.066667
2,4 7,12,14,17 0.066667 0.3333333333333333 0.200000 0.066667
17 2,4,7,12,14 0.066667 0.2 0.333333 0.066667
14 2,4,7,12,17 0.066667 0.3333333333333333 0.200000 0.066667
12 2,4,7,14,17 0.066667 0.1 0.666667 0.066667
7 2,4,12,14,17 0.066667 0.25 0.266667 0.066667
4 2,7,12,14,17 0.066667 0.3333333333333333 0.200000 0.066667
2 4,7,12,14,17 0.066667 0.16666666666666666 0.400000 0.066667
8,17,4,11,15 2 0.066667 1.0 0.066667 0.400000
2,8,17,11,15 4 0.066667 1.0 0.066667 0.200000
2,17,4,11,15 8 0.066667 1.0 0.066667 0.333333
2,8,17,4,15 11 0.066667 1.0 0.066667 0.200000
2,8,17,4,11 15 0.066667 1.0 0.066667 0.200000
2,8,4,11,15 17 0.066667 1.0 0.066667 0.333333
8,17,11,15 2,4 0.066667 1.0 0.066667 0.200000
17,4,11,15 2,8 0.066667 1.0 0.066667 0.266667
8,17,4,15 2,11 0.066667 1.0 0.066667 0.066667
8,17,4,11 2,15 0.066667 1.0 0.066667 0.133333
8,4,11,15 2,17 0.066667 1.0 0.066667 0.266667
2,17,11,15 4,8 0.066667 1.0 0.066667 0.133333
2,8,17,15 4,11 0.066667 1.0 0.066667 0.066667
2,8,17,11 4,15 0.066667 1.0 0.066667 0.133333
2,8,11,15 4,17 0.066667 1.0 0.066667 0.133333
2,17,4,15 8,11 0.066667 1.0 0.066667 0.133333
2,17,4,11 8,15 0.066667 1.0 0.066667 0.133333
2,4,11,15 8,17 0.066667 1.0 0.066667 0.133333
2,8,17,4 11,15 0.066667 1.0 0.066667 0.066667
2,8,4,15 11,17 0.066667 0.5 0.133333 0.066667
2,8,4,11 15,17 0.066667 1.0 0.066667 0.066667
17,11,15 2,4,8 0.066667 1.0 0.066667 0.133333
8,17,15 2,4,11 0.066667 1.0 0.066667 0.066667
8,17,11 2,4,15 0.066667 1.0 0.066667 0.133333
8,11,15 2,4,17 0.066667 1.0 0.066667 0.133333
17,4,15 2,8,11 0.066667 1.0 0.066667 0.066667
17,4,11 2,8,15 0.066667 1.0 0.066667 0.133333
4,11,15 2,8,17 0.066667 1.0 0.066667 0.133333
8,17,4 2,11,15 0.066667 1.0 0.066667 0.066667
8,4,15 2,11,17 0.066667 0.5 0.133333 0.066667
8,4,11 2,15,17 0.066667 1.0 0.066667 0.066667
2,17,15 4,8,11 0.066667 1.0 0.066667 0.066667
2,17,11 4,8,15 0.066667 1.0 0.066667 0.133333
2,11,15 4,8,17 0.066667 1.0 0.066667 0.066667
2,8,17 4,11,15 0.066667 0.5 0.133333 0.066667
2,8,15 4,11,17 0.066667 0.5 0.133333 0.066667
2,8,11 4,15,17 0.066667 1.0 0.066667 0.066667
2,17,4 8,11,15 0.066667 0.5 0.133333 0.066667
2,4,15 8,11,17 0.066667 0.5 0.133333 0.066667
2,4,11 8,15,17 0.066667 1.0 0.066667 0.066667
2,8,4 11,15,17 0.066667 0.5 0.133333 0.066667
17,15 2,4,8,11 0.066667 1.0 0.066667 0.066667
17,11 2,4,8,15 0.066667 1.0 0.066667 0.133333
11,15 2,4,8,17 0.066667 1.0 0.066667 0.066667
8,17 2,4,11,15 0.066667 0.5 0.133333 0.066667
8,15 2,4,11,17 0.066667 0.5 0.133333 0.066667
8,11 2,4,15,17 0.066667 0.5 0.133333 0.066667
17,4 2,8,11,15 0.066667 0.5 0.133333 0.066667
4,15 2,8,11,17 0.066667 0.5 0.133333 0.066667
4,11 2,8,15,17 0.066667 1.0 0.066667 0.066667
8,4 2,11,15,17 0.066667 0.5 0.133333 0.066667
2,17 4,8,11,15 0.066667 0.25 0.266667 0.066667
2,15 4,8,11,17 0.066667 0.5 0.133333 0.066667
2,11 4,8,15,17 0.066667 1.0 0.066667 0.066667
2,8 4,11,15,17 0.066667 0.25 0.266667 0.066667
2,4 8,11,15,17 0.066667 0.3333333333333333 0.200000 0.066667
17 2,4,8,11,15 0.066667 0.2 0.333333 0.066667
15 2,4,8,11,17 0.066667 0.3333333333333333 0.200000 0.066667
11 2,4,8,15,17 0.066667 0.3333333333333333 0.200000 0.066667
8 2,4,11,15,17 0.066667 0.2 0.333333 0.066667
4 2,8,11,15,17 0.066667 0.3333333333333333 0.200000 0.066667
2 4,8,11,15,17 0.066667 0.16666666666666666 0.400000 0.066667
12,8,16,4,15 2 0.066667 1.0 0.066667 0.400000
12,2,8,16,15 4 0.066667 1.0 0.066667 0.200000
12,2,16,4,15 8 0.066667 1.0 0.066667 0.333333
2,8,16,4,15 12 0.066667 1.0 0.066667 0.666667
12,2,8,16,4 15 0.066667 1.0 0.066667 0.200000
12,2,8,4,15 16 0.066667 1.0 0.066667 0.333333
12,8,16,15 2,4 0.066667 1.0 0.066667 0.200000
12,16,4,15 2,8 0.066667 1.0 0.066667 0.266667
8,16,4,15 2,12 0.066667 1.0 0.066667 0.200000
12,8,16,4 2,15 0.066667 1.0 0.066667 0.133333
12,8,4,15 2,16 0.066667 1.0 0.066667 0.066667
12,2,16,15 4,8 0.066667 1.0 0.066667 0.133333
2,8,16,15 4,12 0.066667 1.0 0.066667 0.133333
12,2,8,16 4,15 0.066667 1.0 0.066667 0.133333
12,2,8,15 4,16 0.066667 1.0 0.066667 0.066667
2,16,4,15 8,12 0.066667 1.0 0.066667 0.066667
12,2,16,4 8,15 0.066667 1.0 0.066667 0.133333
12,2,4,15 8,16 0.066667 1.0 0.066667 0.066667
2,8,16,4 12,15 0.066667 1.0 0.066667 0.133333
2,8,4,15 12,16 0.066667 0.5 0.133333 0.266667
12,2,8,4 15,16 0.066667 1.0 0.066667 0.133333
12,16,15 2,4,8 0.066667 0.5 0.133333 0.133333
8,16,15 2,4,12 0.066667 1.0 0.066667 0.133333
12,8,16 2,4,15 0.066667 1.0 0.066667 0.133333
12,8,15 2,4,16 0.066667 1.0 0.066667 0.066667
16,4,15 2,8,12 0.066667 1.0 0.066667 0.066667
12,16,4 2,8,15 0.066667 1.0 0.066667 0.133333
12,4,15 2,8,16 0.066667 1.0 0.066667 0.066667
8,16,4 2,12,15 0.066667 1.0 0.066667 0.066667
8,4,15 2,12,16 0.066667 0.5 0.133333 0.066667
12,8,4 2,15,16 0.066667 1.0 0.066667 0.066667
2,16,15 4,8,12 0.066667 1.0 0.066667 0.066667
12,2,16 4,8,15 0.066667 1.0 0.066667 0.133333
12,2,15 4,8,16 0.066667 1.0 0.066667 0.066667
2,8,16 4,12,15 0.066667 1.0 0.066667 0.066667
2,8,15 4,12,16 0.066667 0.5 0.133333 0.066667
12,2,8 4,15,16 0.066667 1.0 0.066667 0.066667
2,16,4 8,12,15 0.066667 1.0 0.066667 0.066667
2,4,15 8,12,16 0.066667 0.5 0.133333 0.066667
12,2,4 8,15,16 0.066667 0.5 0.133333 0.066667
2,8,4 12,15,16 0.066667 0.5 0.133333 0.133333
16,15 2,4,8,12 0.066667 0.5 0.133333 0.066667
12,16 2,4,8,15 0.066667 0.25 0.266667 0.133333
12,15 2,4,8,16 0.066667 0.5 0.133333 0.066667
8,16 2,4,12,15 0.066667 1.0 0.066667 0.066667
8,15 2,4,12,16 0.066667 0.5 0.133333 0.066667
12,8 2,4,15,16 0.066667 1.0 0.066667 0.066667
16,4 2,8,12,15 0.066667 1.0 0.066667 0.066667
4,15 2,8,12,16 0.066667 0.5 0.133333 0.066667
12,4 2,8,15,16 0.066667 0.5 0.133333 0.066667
8,4 2,12,15,16 0.066667 0.5 0.133333 0.066667
2,16 4,8,12,15 0.066667 1.0 0.066667 0.066667
2,15 4,8,12,16 0.066667 0.5 0.133333 0.066667
12,2 4,8,15,16 0.066667 0.3333333333333333 0.200000 0.066667
2,8 4,12,15,16 0.066667 0.25 0.266667 0.066667
2,4 8,12,15,16 0.066667 0.3333333333333333 0.200000 0.066667
16 2,4,8,12,15 0.066667 0.2 0.333333 0.066667
15 2,4,8,12,16 0.066667 0.3333333333333333 0.200000 0.066667
12 2,4,8,15,16 0.066667 0.1 0.666667 0.066667
8 2,4,12,15,16 0.066667 0.2 0.333333 0.066667
4 2,8,12,15,16 0.066667 0.3333333333333333 0.200000 0.066667
2 4,8,12,15,16 0.066667 0.16666666666666666 0.400000 0.066667
13,8,17,5,10 2 0.066667 1.0 0.066667 0.400000
13,2,8,17,10 5 0.066667 1.0 0.066667 0.200000
13,2,17,5,10 8 0.066667 1.0 0.066667 0.333333
13,2,8,17,5 10 0.066667 1.0 0.066667 0.133333
2,8,17,5,10 13 0.066667 1.0 0.066667 0.600000
13,2,8,5,10 17 0.066667 0.5 0.133333 0.333333
13,8,17,10 2,5 0.066667 1.0 0.066667 0.200000
13,17,5,10 2,8 0.066667 1.0 0.066667 0.266667
13,8,17,5 2,10 0.066667 1.0 0.066667 0.133333
8,17,5,10 2,13 0.066667 1.0 0.066667 0.133333
13,8,5,10 2,17 0.066667 0.5 0.133333 0.266667
13,2,17,10 5,8 0.066667 1.0 0.066667 0.133333
13,2,8,17 5,10 0.066667 1.0 0.066667 0.133333
2,8,17,10 5,13 0.066667 1.0 0.066667 0.133333
13,2,8,10 5,17 0.066667 0.5 0.133333 0.133333
13,2,17,5 8,10 0.066667 1.0 0.066667 0.133333
2,17,5,10 8,13 0.066667 1.0 0.066667 0.200000
13,2,5,10 8,17 0.066667 0.5 0.133333 0.133333
2,8,17,5 10,13 0.066667 1.0 0.066667 0.133333
13,2,8,5 10,17 0.066667 0.5 0.133333 0.066667
2,8,5,10 13,17 0.066667 0.5 0.133333 0.133333
13,17,10 2,5,8 0.066667 1.0 0.066667 0.133333
13,8,17 2,5,10 0.066667 1.0 0.066667 0.133333
8,17,10 2,5,13 0.066667 1.0 0.066667 0.133333
13,8,10 2,5,17 0.066667 0.5 0.133333 0.133333
13,17,5 2,8,10 0.066667 1.0 0.066667 0.133333
17,5,10 2,8,13 0.066667 1.0 0.066667 0.133333
13,5,10 2,8,17 0.066667 0.5 0.133333 0.133333
8,17,5 2,10,13 0.066667 1.0 0.066667 0.133333
13,8,5 2,10,17 0.066667 0.5 0.133333 0.066667
8,5,10 2,13,17 0.066667 0.5 0.133333 0.066667
13,2,17 5,8,10 0.066667 1.0 0.066667 0.133333
2,17,10 5,8,13 0.066667 1.0 0.066667 0.133333
13,2,10 5,8,17 0.066667 0.5 0.133333 0.066667
2,8,17 5,10,13 0.066667 0.5 0.133333 0.133333
13,2,8 5,10,17 0.066667 0.5 0.133333 0.066667
2,8,10 5,13,17 0.066667 0.5 0.133333 0.066667
2,17,5 8,10,13 0.066667 0.5 0.133333 0.133333
13,2,5 8,10,17 0.066667 0.5 0.133333 0.066667
2,5,10 8,13,17 0.066667 0.5 0.133333 0.066667
2,8,5 10,13,17 0.066667 0.5 0.133333 0.066667
13,17 2,5,8,10 0.066667 0.5 0.133333 0.133333
17,10 2,5,8,13 0.066667 1.0 0.066667 0.133333
13,10 2,5,8,17 0.066667 0.5 0.133333 0.066667
8,17 2,5,10,13 0.066667 0.5 0.133333 0.133333
13,8 2,5,10,17 0.066667 0.3333333333333333 0.200000 0.066667
8,10 2,5,13,17 0.066667 0.5 0.133333 0.066667
17,5 2,8,10,13 0.066667 0.5 0.133333 0.133333
13,5 2,8,10,17 0.066667 0.5 0.133333 0.066667
5,10 2,8,13,17 0.066667 0.5 0.133333 0.066667
8,5 2,10,13,17 0.066667 0.5 0.133333 0.066667
2,17 5,8,10,13 0.066667 0.25 0.266667 0.133333
13,2 5,8,10,17 0.066667 0.5 0.133333 0.066667
2,10 5,8,13,17 0.066667 0.5 0.133333 0.066667
2,8 5,10,13,17 0.066667 0.25 0.266667 0.066667
2,5 8,10,13,17 0.066667 0.3333333333333333 0.200000 0.066667
17 2,5,8,10,13 0.066667 0.2 0.333333 0.133333
13 2,5,8,10,17 0.066667 0.1111111111111111 0.600000 0.066667
10 2,5,8,13,17 0.066667 0.5 0.133333 0.066667
8 2,5,10,13,17 0.066667 0.2 0.333333 0.066667
5 2,8,10,13,17 0.066667 0.3333333333333333 0.200000 0.066667
2 5,8,10,13,17 0.066667 0.16666666666666666 0.400000 0.066667
13,8,18,5,10 2 0.066667 1.0 0.066667 0.400000
13,2,8,18,10 5 0.066667 1.0 0.066667 0.200000
13,2,18,5,10 8 0.066667 1.0 0.066667 0.333333
13,2,8,18,5 10 0.066667 1.0 0.066667 0.133333
2,8,18,5,10 13 0.066667 1.0 0.066667 0.600000
13,2,8,5,10 18 0.066667 0.5 0.133333 0.333333
13,8,18,10 2,5 0.066667 1.0 0.066667 0.200000
13,18,5,10 2,8 0.066667 1.0 0.066667 0.266667
13,8,18,5 2,10 0.066667 1.0 0.066667 0.133333
8,18,5,10 2,13 0.066667 1.0 0.066667 0.133333
13,8,5,10 2,18 0.066667 0.5 0.133333 0.066667
13,2,18,10 5,8 0.066667 1.0 0.066667 0.133333
13,2,8,18 5,10 0.066667 1.0 0.066667 0.133333
2,8,18,10 5,13 0.066667 1.0 0.066667 0.133333
13,2,8,10 5,18 0.066667 0.5 0.133333 0.066667
13,2,18,5 8,10 0.066667 1.0 0.066667 0.133333
2,18,5,10 8,13 0.066667 1.0 0.066667 0.200000
13,2,5,10 8,18 0.066667 0.5 0.133333 0.133333
2,8,18,5 10,13 0.066667 1.0 0.066667 0.133333
13,2,8,5 10,18 0.066667 0.5 0.133333 0.066667
2,8,5,10 13,18 0.066667 0.5 0.133333 0.266667
13,18,10 2,5,8 0.066667 1.0 0.066667 0.133333
13,8,18 2,5,10 0.066667 0.5 0.133333 0.133333
8,18,10 2,5,13 0.066667 1.0 0.066667 0.133333
13,8,10 2,5,18 0.066667 0.5 0.133333 0.066667
13,18,5 2,8,10 0.066667 1.0 0.066667 0.133333
18,5,10 2,8,13 0.066667 1.0 0.066667 0.133333
13,5,10 2,8,18 0.066667 0.5 0.133333 0.066667
8,18,5 2,10,13 0.066667 1.0 0.066667 0.133333
13,8,5 2,10,18 0.066667 0.5 0.133333 0.066667
8,5,10 2,13,18 0.066667 0.5 0.133333 0.066667
13,2,18 5,8,10 0.066667 1.0 0.066667 0.133333
2,18,10 5,8,13 0.066667 1.0 0.066667 0.133333
13,2,10 5,8,18 0.066667 0.5 0.133333 0.066667
2,8,18 5,10,13 0.066667 1.0 0.066667 0.133333
13,2,8 5,10,18 0.066667 0.5 0.133333 0.066667
2,8,10 5,13,18 0.066667 0.5 0.133333 0.066667
2,18,5 8,10,13 0.066667 1.0 0.066667 0.133333
13,2,5 8,10,18 0.066667 0.5 0.133333 0.066667
2,5,10 8,13,18 0.066667 0.5 0.133333 0.133333
2,8,5 10,13,18 0.066667 0.5 0.133333 0.066667
13,18 2,5,8,10 0.066667 0.25 0.266667 0.133333
18,10 2,5,8,13 0.066667 1.0 0.066667 0.133333
13,10 2,5,8,18 0.066667 0.5 0.133333 0.066667
8,18 2,5,10,13 0.066667 0.5 0.133333 0.133333
13,8 2,5,10,18 0.066667 0.3333333333333333 0.200000 0.066667
8,10 2,5,13,18 0.066667 0.5 0.133333 0.066667
18,5 2,8,10,13 0.066667 1.0 0.066667 0.133333
13,5 2,8,10,18 0.066667 0.5 0.133333 0.066667
5,10 2,8,13,18 0.066667 0.5 0.133333 0.066667
8,5 2,10,13,18 0.066667 0.5 0.133333 0.066667
2,18 5,8,10,13 0.066667 1.0 0.066667 0.133333
13,2 5,8,10,18 0.066667 0.5 0.133333 0.066667
2,10 5,8,13,18 0.066667 0.5 0.133333 0.066667
2,8 5,10,13,18 0.066667 0.25 0.266667 0.066667
2,5 8,10,13,18 0.066667 0.3333333333333333 0.200000 0.066667
18 2,5,8,10,13 0.066667 0.2 0.333333 0.133333
13 2,5,8,10,18 0.066667 0.1111111111111111 0.600000 0.066667
10 2,5,8,13,18 0.066667 0.5 0.133333 0.066667
8 2,5,10,13,18 0.066667 0.2 0.333333 0.066667
5 2,8,10,13,18 0.066667 0.3333333333333333 0.200000 0.066667
2 5,8,10,13,18 0.066667 0.16666666666666666 0.400000 0.066667
12,9,17,5,14 2 0.066667 1.0 0.066667 0.400000
12,2,9,17,14 5 0.066667 1.0 0.066667 0.200000
12,2,17,5,14 9 0.066667 1.0 0.066667 0.400000
2,9,17,5,14 12 0.066667 1.0 0.066667 0.666667
12,2,9,17,5 14 0.066667 1.0 0.066667 0.200000
12,2,9,5,14 17 0.066667 1.0 0.066667 0.333333
12,9,17,14 2,5 0.066667 1.0 0.066667 0.200000
12,17,5,14 2,9 0.066667 1.0 0.066667 0.066667
9,17,5,14 2,12 0.066667 1.0 0.066667 0.200000
12,9,17,5 2,14 0.066667 1.0 0.066667 0.133333
12,9,5,14 2,17 0.066667 1.0 0.066667 0.266667
12,2,17,14 5,9 0.066667 0.5 0.133333 0.066667
2,9,17,14 5,12 0.066667 1.0 0.066667 0.066667
12,2,9,17 5,14 0.066667 1.0 0.066667 0.066667
12,2,9,14 5,17 0.066667 1.0 0.066667 0.133333
2,17,5,14 9,12 0.066667 1.0 0.066667 0.400000
12,2,17,5 9,14 0.066667 1.0 0.066667 0.066667
12,2,5,14 9,17 0.066667 1.0 0.066667 0.133333
2,9,17,5 12,14 0.066667 1.0 0.066667 0.200000
2,9,5,14 12,17 0.066667 1.0 0.066667 0.200000
12,2,9,5 14,17 0.066667 1.0 0.066667 0.133333
12,17,14 2,5,9 0.066667 0.5 0.133333 0.066667
9,17,14 2,5,12 0.066667 1.0 0.066667 0.066667
12,9,17 2,5,14 0.066667 0.5 0.133333 0.066667
12,9,14 2,5,17 0.066667 1.0 0.066667 0.133333
17,5,14 2,9,12 0.066667 1.0 0.066667 0.066667
12,17,5 2,9,14 0.066667 1.0 0.066667 0.066667
12,5,14 2,9,17 0.066667 1.0 0.066667 0.066667
9,17,5 2,12,14 0.066667 1.0 0.066667 0.133333
9,5,14 2,12,17 0.066667 1.0 0.066667 0.133333
12,9,5 2,14,17 0.066667 1.0 0.066667 0.133333
2,17,14 5,9,12 0.066667 0.5 0.133333 0.066667
12,2,17 5,9,14 0.066667 0.5 0.133333 0.066667
12,2,14 5,9,17 0.066667 0.5 0.133333 0.066667
2,9,17 5,12,14 0.066667 1.0 0.066667 0.066667
2,9,14 5,12,17 0.066667 1.0 0.066667 0.066667
12,2,9 5,14,17 0.066667 1.0 0.066667 0.066667
2,17,5 9,12,14 0.066667 0.5 0.133333 0.066667
2,5,14 9,12,17 0.066667 1.0 0.066667 0.133333
12,2,5 9,14,17 0.066667 1.0 0.066667 0.066667
2,9,5 12,14,17 0.066667 1.0 0.066667 0.133333
17,14 2,5,9,12 0.066667 0.5 0.133333 0.066667
12,17 2,5,9,14 0.066667 0.3333333333333333 0.200000 0.066667
12,14 2,5,9,17 0.066667 0.3333333333333333 0.200000 0.066667
9,17 2,5,12,14 0.066667 0.5 0.133333 0.066667
9,14 2,5,12,17 0.066667 1.0 0.066667 0.066667
12,9 2,5,14,17 0.066667 0.16666666666666666 0.400000 0.066667
17,5 2,9,12,14 0.066667 0.5 0.133333 0.066667
5,14 2,9,12,17 0.066667 1.0 0.066667 0.066667
12,5 2,9,14,17 0.066667 1.0 0.066667 0.066667
9,5 2,12,14,17 0.066667 1.0 0.066667 0.133333
2,17 5,9,12,14 0.066667 0.25 0.266667 0.066667
2,14 5,9,12,17 0.066667 0.5 0.133333 0.066667
12,2 5,9,14,17 0.066667 0.3333333333333333 0.200000 0.066667
2,9 5,12,14,17 0.066667 1.0 0.066667 0.066667
2,5 9,12,14,17 0.066667 0.3333333333333333 0.200000 0.066667
17 2,5,9,12,14 0.066667 0.2 0.333333 0.066667
14 2,5,9,12,17 0.066667 0.3333333333333333 0.200000 0.066667
12 2,5,9,14,17 0.066667 0.1 0.666667 0.066667
9 2,5,12,14,17 0.066667 0.16666666666666666 0.400000 0.066667
5 2,9,12,14,17 0.066667 0.3333333333333333 0.200000 0.066667
2 5,9,12,14,17 0.066667 0.16666666666666666 0.400000 0.066667
12,6,13,9,16 3 0.066667 0.5 0.133333 0.266667
12,13,9,16,3 6 0.066667 1.0 0.066667 0.600000
12,6,13,16,3 9 0.066667 1.0 0.066667 0.400000
6,13,9,16,3 12 0.066667 1.0 0.066667 0.666667
12,6,9,16,3 13 0.066667 0.5 0.133333 0.600000
12,6,13,9,3 16 0.066667 0.3333333333333333 0.200000 0.333333
12,13,9,16 3,6 0.066667 0.5 0.133333 0.266667
12,6,13,16 3,9 0.066667 0.5 0.133333 0.266667
6,13,9,16 3,12 0.066667 0.5 0.133333 0.266667
12,6,9,16 3,13 0.066667 0.3333333333333333 0.200000 0.200000
12,6,13,9 3,16 0.066667 0.25 0.266667 0.133333
12,13,16,3 6,9 0.066667 1.0 0.066667 0.333333
13,9,16,3 6,12 0.066667 1.0 0.066667 0.466667
12,9,16,3 6,13 0.066667 0.5 0.133333 0.466667
12,13,9,3 6,16 0.066667 0.3333333333333333 0.200000 0.266667
6,13,16,3 9,12 0.066667 1.0 0.066667 0.400000
12,6,16,3 9,13 0.066667 0.5 0.133333 0.266667
12,6,13,3 9,16 0.066667 0.3333333333333333 0.200000 0.200000
6,9,16,3 12,13 0.066667 0.5 0.133333 0.333333
6,13,9,3 12,16 0.066667 0.3333333333333333 0.200000 0.266667
12,6,9,3 13,16 0.066667 0.25 0.266667 0.200000
12,13,16 3,6,9 0.066667 0.5 0.133333 0.266667
13,9,16 3,6,12 0.066667 0.5 0.133333 0.266667
12,9,16 3,6,13 0.066667 0.3333333333333333 0.200000 0.200000
12,13,9 3,6,16 0.066667 0.25 0.266667 0.133333
6,13,16 3,9,12 0.066667 0.3333333333333333 0.200000 0.266667
12,6,16 3,9,13 0.066667 0.3333333333333333 0.200000 0.200000
12,6,13 3,9,16 0.066667 0.2 0.333333 0.133333
6,9,16 3,12,13 0.066667 0.3333333333333333 0.200000 0.200000
6,13,9 3,12,16 0.066667 0.25 0.266667 0.133333
12,6,9 3,13,16 0.066667 0.2 0.333333 0.066667
13,16,3 6,9,12 0.066667 1.0 0.066667 0.333333
12,16,3 6,9,13 0.066667 0.5 0.133333 0.266667
12,13,3 6,9,16 0.066667 0.3333333333333333 0.200000 0.200000
9,16,3 6,12,13 0.066667 0.5 0.133333 0.333333
13,9,3 6,12,16 0.066667 0.3333333333333333 0.200000 0.200000
12,9,3 6,13,16 0.066667 0.25 0.266667 0.200000
6,16,3 9,12,13 0.066667 0.5 0.133333 0.266667
6,13,3 9,12,16 0.066667 0.3333333333333333 0.200000 0.200000
12,6,3 9,13,16 0.066667 0.25 0.266667 0.133333
6,9,3 12,13,16 0.066667 0.25 0.266667 0.133333
13,16 3,6,9,12 0.066667 0.3333333333333333 0.200000 0.266667
12,16 3,6,9,13 0.066667 0.25 0.266667 0.200000
12,13 3,6,9,16 0.066667 0.2 0.333333 0.133333
9,16 3,6,12,13 0.066667 0.3333333333333333 0.200000 0.200000
13,9 3,6,12,16 0.066667 0.25 0.266667 0.133333
12,9 3,6,13,16 0.066667 0.16666666666666666 0.400000 0.066667
6,16 3,9,12,13 0.066667 0.25 0.266667 0.200000
6,13 3,9,12,16 0.066667 0.14285714285714285 0.466667 0.133333
12,6 3,9,13,16 0.066667 0.14285714285714285 0.466667 0.066667
6,9 3,12,13,16 0.066667 0.2 0.333333 0.066667
16,3 6,9,12,13 0.066667 0.5 0.133333 0.266667
13,3 6,9,12,16 0.066667 0.3333333333333333 0.200000 0.200000
12,3 6,9,13,16 0.066667 0.25 0.266667 0.133333
9,3 6,12,13,16 0.066667 0.25 0.266667 0.133333
6,3 9,12,13,16 0.066667 0.25 0.266667 0.133333
16 3,6,9,12,13 0.066667 0.2 0.333333 0.200000
13 3,6,9,12,16 0.066667 0.1111111111111111 0.600000 0.133333
12 3,6,9,13,16 0.066667 0.1 0.666667 0.066667
9 3,6,12,13,16 0.066667 0.16666666666666666 0.400000 0.066667
6 3,9,12,13,16 0.066667 0.1111111111111111 0.600000 0.066667
3 6,9,12,13,16 0.066667 0.25 0.266667 0.133333
12,6,13,9,17 3 0.066667 1.0 0.066667 0.266667
12,13,9,17,3 6 0.066667 1.0 0.066667 0.600000
12,6,13,17,3 9 0.066667 1.0 0.066667 0.400000
6,13,9,17,3 12 0.066667 1.0 0.066667 0.666667
12,6,9,17,3 13 0.066667 1.0 0.066667 0.600000
12,6,13,9,3 17 0.066667 0.3333333333333333 0.200000 0.333333
12,13,9,17 3,6 0.066667 1.0 0.066667 0.266667
12,6,13,17 3,9 0.066667 1.0 0.066667 0.266667
6,13,9,17 3,12 0.066667 1.0 0.066667 0.266667
12,6,9,17 3,13 0.066667 1.0 0.066667 0.200000
12,6,13,9 3,17 0.066667 0.25 0.266667 0.066667
12,13,17,3 6,9 0.066667 1.0 0.066667 0.333333
13,9,17,3 6,12 0.066667 1.0 0.066667 0.466667
12,9,17,3 6,13 0.066667 1.0 0.066667 0.466667
12,13,9,3 6,17 0.066667 0.3333333333333333 0.200000 0.066667
6,13,17,3 9,12 0.066667 1.0 0.066667 0.400000
12,6,17,3 9,13 0.066667 1.0 0.066667 0.266667
12,6,13,3 9,17 0.066667 0.3333333333333333 0.200000 0.133333
6,9,17,3 12,13 0.066667 1.0 0.066667 0.333333
6,13,9,3 12,17 0.066667 0.3333333333333333 0.200000 0.200000
12,6,9,3 13,17 0.066667 0.25 0.266667 0.133333
12,13,17 3,6,9 0.066667 1.0 0.066667 0.266667
13,9,17 3,6,12 0.066667 1.0 0.066667 0.266667
12,9,17 3,6,13 0.066667 0.5 0.133333 0.200000
12,13,9 3,6,17 0.066667 0.25 0.266667 0.066667
6,13,17 3,9,12 0.066667 1.0 0.066667 0.266667
12,6,17 3,9,13 0.066667 1.0 0.066667 0.200000
12,6,13 3,9,17 0.066667 0.2 0.333333 0.066667
6,9,17 3,12,13 0.066667 1.0 0.066667 0.200000
6,13,9 3,12,17 0.066667 0.25 0.266667 0.066667
12,6,9 3,13,17 0.066667 0.2 0.333333 0.066667
13,17,3 6,9,12 0.066667 1.0 0.066667 0.333333
12,17,3 6,9,13 0.066667 1.0 0.066667 0.266667
12,13,3 6,9,17 0.066667 0.3333333333333333 0.200000 0.066667
9,17,3 6,12,13 0.066667 1.0 0.066667 0.333333
13,9,3 6,12,17 0.066667 0.3333333333333333 0.200000 0.066667
12,9,3 6,13,17 0.066667 0.25 0.266667 0.066667
6,17,3 9,12,13 0.066667 1.0 0.066667 0.266667
6,13,3 9,12,17 0.066667 0.3333333333333333 0.200000 0.133333
12,6,3 9,13,17 0.066667 0.25 0.266667 0.066667
6,9,3 12,13,17 0.066667 0.25 0.266667 0.066667
13,17 3,6,9,12 0.066667 0.5 0.133333 0.266667
12,17 3,6,9,13 0.066667 0.3333333333333333 0.200000 0.200000
12,13 3,6,9,17 0.066667 0.2 0.333333 0.066667
9,17 3,6,12,13 0.066667 0.5 0.133333 0.200000
13,9 3,6,12,17 0.066667 0.25 0.266667 0.066667
12,9 3,6,13,17 0.066667 0.16666666666666666 0.400000 0.066667
6,17 3,9,12,13 0.066667 1.0 0.066667 0.200000
6,13 3,9,12,17 0.066667 0.14285714285714285 0.466667 0.066667
12,6 3,9,13,17 0.066667 0.14285714285714285 0.466667 0.066667
6,9 3,12,13,17 0.066667 0.2 0.333333 0.066667
17,3 6,9,12,13 0.066667 1.0 0.066667 0.266667
13,3 6,9,12,17 0.066667 0.3333333333333333 0.200000 0.066667
12,3 6,9,13,17 0.066667 0.25 0.266667 0.066667
9,3 6,12,13,17 0.066667 0.25 0.266667 0.066667
6,3 9,12,13,17 0.066667 0.25 0.266667 0.066667
17 3,6,9,12,13 0.066667 0.2 0.333333 0.200000
13 3,6,9,12,17 0.066667 0.1111111111111111 0.600000 0.066667
12 3,6,9,13,17 0.066667 0.1 0.666667 0.066667
9 3,6,12,13,17 0.066667 0.16666666666666666 0.400000 0.066667
6 3,9,12,13,17 0.066667 0.1111111111111111 0.600000 0.066667
3 6,9,12,13,17 0.066667 0.25 0.266667 0.066667
12,6,13,9,18 3 0.066667 1.0 0.066667 0.266667
12,13,9,18,3 6 0.066667 1.0 0.066667 0.600000
12,6,13,18,3 9 0.066667 1.0 0.066667 0.400000
6,13,9,18,3 12 0.066667 1.0 0.066667 0.666667
12,6,9,18,3 13 0.066667 1.0 0.066667 0.600000
12,6,13,9,3 18 0.066667 0.3333333333333333 0.200000 0.333333
12,13,9,18 3,6 0.066667 1.0 0.066667 0.266667
12,6,13,18 3,9 0.066667 0.5 0.133333 0.266667
6,13,9,18 3,12 0.066667 1.0 0.066667 0.266667
12,6,9,18 3,13 0.066667 1.0 0.066667 0.200000
12,6,13,9 3,18 0.066667 0.25 0.266667 0.066667
12,13,18,3 6,9 0.066667 1.0 0.066667 0.333333
13,9,18,3 6,12 0.066667 1.0 0.066667 0.466667
12,9,18,3 6,13 0.066667 1.0 0.066667 0.466667
12,13,9,3 6,18 0.066667 0.3333333333333333 0.200000 0.266667
6,13,18,3 9,12 0.066667 1.0 0.066667 0.400000
12,6,18,3 9,13 0.066667 1.0 0.066667 0.266667
12,6,13,3 9,18 0.066667 0.3333333333333333 0.200000 0.066667
6,9,18,3 12,13 0.066667 1.0 0.066667 0.333333
6,13,9,3 12,18 0.066667 0.3333333333333333 0.200000 0.200000
12,6,9,3 13,18 0.066667 0.25 0.266667 0.266667
12,13,18 3,6,9 0.066667 0.5 0.133333 0.266667
13,9,18 3,6,12 0.066667 1.0 0.066667 0.266667
12,9,18 3,6,13 0.066667 1.0 0.066667 0.200000
12,13,9 3,6,18 0.066667 0.25 0.266667 0.066667
6,13,18 3,9,12 0.066667 0.3333333333333333 0.200000 0.266667
12,6,18 3,9,13 0.066667 0.3333333333333333 0.200000 0.200000
12,6,13 3,9,18 0.066667 0.2 0.333333 0.066667
6,9,18 3,12,13 0.066667 1.0 0.066667 0.200000
6,13,9 3,12,18 0.066667 0.25 0.266667 0.066667
12,6,9 3,13,18 0.066667 0.2 0.333333 0.066667
13,18,3 6,9,12 0.066667 1.0 0.066667 0.333333
12,18,3 6,9,13 0.066667 1.0 0.066667 0.266667
12,13,3 6,9,18 0.066667 0.3333333333333333 0.200000 0.066667
9,18,3 6,12,13 0.066667 1.0 0.066667 0.333333
13,9,3 6,12,18 0.066667 0.3333333333333333 0.200000 0.200000
12,9,3 6,13,18 0.066667 0.25 0.266667 0.200000
6,18,3 9,12,13 0.066667 1.0 0.066667 0.266667
6,13,3 9,12,18 0.066667 0.3333333333333333 0.200000 0.066667
12,6,3 9,13,18 0.066667 0.25 0.266667 0.066667
6,9,3 12,13,18 0.066667 0.25 0.266667 0.133333
13,18 3,6,9,12 0.066667 0.25 0.266667 0.266667
12,18 3,6,9,13 0.066667 0.3333333333333333 0.200000 0.200000
12,13 3,6,9,18 0.066667 0.2 0.333333 0.066667
9,18 3,6,12,13 0.066667 1.0 0.066667 0.200000
13,9 3,6,12,18 0.066667 0.25 0.266667 0.066667
12,9 3,6,13,18 0.066667 0.16666666666666666 0.400000 0.066667
6,18 3,9,12,13 0.066667 0.25 0.266667 0.200000
6,13 3,9,12,18 0.066667 0.14285714285714285 0.466667 0.066667
12,6 3,9,13,18 0.066667 0.14285714285714285 0.466667 0.066667
6,9 3,12,13,18 0.066667 0.2 0.333333 0.066667
18,3 6,9,12,13 0.066667 1.0 0.066667 0.266667
13,3 6,9,12,18 0.066667 0.3333333333333333 0.200000 0.066667
12,3 6,9,13,18 0.066667 0.25 0.266667 0.066667
9,3 6,12,13,18 0.066667 0.25 0.266667 0.133333
6,3 9,12,13,18 0.066667 0.25 0.266667 0.066667
18 3,6,9,12,13 0.066667 0.2 0.333333 0.200000
13 3,6,9,12,18 0.066667 0.1111111111111111 0.600000 0.066667
12 3,6,9,13,18 0.066667 0.1 0.666667 0.066667
9 3,6,12,13,18 0.066667 0.16666666666666666 0.400000 0.066667
6 3,9,12,13,18 0.066667 0.1111111111111111 0.600000 0.066667
3 6,9,12,13,18 0.066667 0.25 0.266667 0.066667
12,6,9,16,15 3 0.066667 1.0 0.066667 0.266667
12,9,16,3,15 6 0.066667 1.0 0.066667 0.600000
12,6,16,3,15 9 0.066667 1.0 0.066667 0.400000
6,9,16,3,15 12 0.066667 1.0 0.066667 0.666667
12,6,9,16,3 15 0.066667 0.5 0.133333 0.200000
12,6,9,3,15 16 0.066667 1.0 0.066667 0.333333
12,9,16,15 3,6 0.066667 1.0 0.066667 0.266667
12,6,16,15 3,9 0.066667 1.0 0.066667 0.266667
6,9,16,15 3,12 0.066667 1.0 0.066667 0.266667
12,6,9,16 3,15 0.066667 0.3333333333333333 0.200000 0.066667
12,6,9,15 3,16 0.066667 1.0 0.066667 0.133333
12,16,3,15 6,9 0.066667 1.0 0.066667 0.333333
9,16,3,15 6,12 0.066667 1.0 0.066667 0.466667
12,9,16,3 6,15 0.066667 0.5 0.133333 0.066667
12,9,3,15 6,16 0.066667 1.0 0.066667 0.266667
6,16,3,15 9,12 0.066667 1.0 0.066667 0.400000
12,6,16,3 9,15 0.066667 0.5 0.133333 0.066667
12,6,3,15 9,16 0.066667 1.0 0.066667 0.200000
6,9,16,3 12,15 0.066667 0.5 0.133333 0.133333
6,9,3,15 12,16 0.066667 1.0 0.066667 0.266667
12,6,9,3 15,16 0.066667 0.25 0.266667 0.133333
12,16,15 3,6,9 0.066667 0.5 0.133333 0.266667
9,16,15 3,6,12 0.066667 1.0 0.066667 0.266667
12,9,16 3,6,15 0.066667 0.3333333333333333 0.200000 0.066667
12,9,15 3,6,16 0.066667 1.0 0.066667 0.133333
6,16,15 3,9,12 0.066667 1.0 0.066667 0.266667
12,6,16 3,9,15 0.066667 0.3333333333333333 0.200000 0.066667
12,6,15 3,9,16 0.066667 1.0 0.066667 0.133333
6,9,16 3,12,15 0.066667 0.3333333333333333 0.200000 0.066667
6,9,15 3,12,16 0.066667 1.0 0.066667 0.133333
12,6,9 3,15,16 0.066667 0.2 0.333333 0.066667
16,3,15 6,9,12 0.066667 1.0 0.066667 0.333333
12,16,3 6,9,15 0.066667 0.5 0.133333 0.066667
12,3,15 6,9,16 0.066667 1.0 0.066667 0.200000
9,16,3 6,12,15 0.066667 0.5 0.133333 0.066667
9,3,15 6,12,16 0.066667 1.0 0.066667 0.200000
12,9,3 6,15,16 0.066667 0.25 0.266667 0.066667
6,16,3 9,12,15 0.066667 0.5 0.133333 0.066667
6,3,15 9,12,16 0.066667 1.0 0.066667 0.200000
12,6,3 9,15,16 0.066667 0.25 0.266667 0.066667
6,9,3 12,15,16 0.066667 0.25 0.266667 0.133333
16,15 3,6,9,12 0.066667 0.5 0.133333 0.266667
12,16 3,6,9,15 0.066667 0.25 0.266667 0.066667
12,15 3,6,9,16 0.066667 0.5 0.133333 0.133333
9,16 3,6,12,15 0.066667 0.3333333333333333 0.200000 0.066667
9,15 3,6,12,16 0.066667 1.0 0.066667 0.133333
12,9 3,6,15,16 0.066667 0.16666666666666666 0.400000 0.066667
6,16 3,9,12,15 0.066667 0.25 0.266667 0.066667
6,15 3,9,12,16 0.066667 1.0 0.066667 0.133333
12,6 3,9,15,16 0.066667 0.14285714285714285 0.466667 0.066667
6,9 3,12,15,16 0.066667 0.2 0.333333 0.066667
16,3 6,9,12,15 0.066667 0.5 0.133333 0.066667
3,15 6,9,12,16 0.066667 1.0 0.066667 0.200000
12,3 6,9,15,16 0.066667 0.25 0.266667 0.066667
9,3 6,12,15,16 0.066667 0.25 0.266667 0.066667
6,3 9,12,15,16 0.066667 0.25 0.266667 0.066667
16 3,6,9,12,15 0.066667 0.2 0.333333 0.066667
15 3,6,9,12,16 0.066667 0.3333333333333333 0.200000 0.133333
12 3,6,9,15,16 0.066667 0.1 0.666667 0.066667
9 3,6,12,15,16 0.066667 0.16666666666666666 0.400000 0.066667
6 3,9,12,15,16 0.066667 0.1111111111111111 0.600000 0.066667
3 6,9,12,15,16 0.066667 0.25 0.266667 0.066667
