   -0.941759   -0.0256876     0.333406     0.119805    -0.145766     -0.56024   -0.0592019     0.697306    -0.252146   -0.0113271    0.0580223
    -0.65483     0.505905    -0.601817     -0.68574    -0.420859     0.331147    -0.182072 -0.000498234    -0.344442     0.171425    -0.124187
    -0.87793    0.0300649     0.817162   -0.0605905    0.0525111     0.647264     0.130196     0.340349    0.0869722    -0.214877   -0.0207311
   -0.936684     -0.42134     0.828307     0.108736   -0.0301275    -0.208245      0.24935      0.31819     0.191619    0.0282537     -0.16306
      0.8727    -0.463728    -0.549449     0.394774     0.429398     0.189386   -0.0241191    0.0607559    -0.123022  -0.00050375   -0.0685964
    0.429675    -0.782657    -0.320308     0.288616    -0.746011   -0.0604431   -0.0243881     0.403202    0.0677995    0.0135836    -0.407801
    0.630233      0.76119     0.538857     0.376856    -0.251962     0.266432    0.0861956      0.28061     0.321269    -0.264584    -0.200113
   -0.794903     0.737913    -0.281071      -0.1653    -0.261325      0.26004     0.351352     0.354029    -0.412204     -0.25632    -0.237281
     0.85678     0.389629     0.602756     0.184582      0.30922    -0.207828     0.341336     0.300423    -0.114907   -0.0393714    -0.319904
   -0.365853     0.913448    -0.301438     0.766095      0.30291     0.332639    -0.165111     0.345516   -0.0509192     0.240448    -0.132502
    0.422473    -0.402417    -0.536427      -1.0453   -0.0121608    0.0199556     0.411822     0.200273    -0.047613    -0.131005     -0.18472
    0.367774     -0.41478     0.510779     -0.99872     0.195877    -0.164306    -0.468953     0.299398    -0.116596    -0.321547    -0.071675
   -0.775433    -0.890194     0.514906    0.0969772    -0.312338    -0.040307    -0.203552    -0.167341    -0.177313    0.0897321   -0.0386222
   -0.695933     0.525594    -0.551822     0.471785     0.187625    -0.726889     0.334789   -0.0525489    0.0424436  -0.00935926   -0.0629439
   -0.651383    -0.341497     0.881061    -0.252864     0.613693     0.173004     0.385336     0.360163    -0.349204    0.0103361    -0.140522